p5_lighting/grds/coolLake.dem.grd
ncols 65
nrows 65
xllcorner 0
yllcorner 0
cellsize 1
[rows 0 to 30 of 65, columns 0 to 64 of 65]
-1 -1 -1 -1 -1 -1 -1 -1 -1 -1 -1 -1 -1 -1 -1 -1 -1 -1 -1 -1 -1 -1 -1 -1 -1 -1 -1 -1 -1 -1 -1 -1 -1 -1 -1 -1 -1 -1 -1 -1 -1 -1 -1 -1 -1 -1 -1 -1 -1 -1 -1 -1 -1 -1 -1 -1 -1 -1 -1 -1 -1 -1 -1 -1 -1
-1 -0.727298 -1.02233 -1.32658 -1.34236 -1.10957 -0.785892 -0.406622 0.291036 1.1108 1.81855 2.36704 2.3235 1.71856 0.701997 -0.430467 -0.737925 0.217915 1.51338 2.01896 1.5792 1.16162 0.768517 0.424791 0.00645496 -0.188693 0.111806 0.65598 0.536658 -0.0421161 -0.512462 -0.671391 -0.91432 -1.0651 -1.04504 -0.872187 -0.528177 0.137276 0.516252 0.249174 -0.393826 -0.664833 -0.383624 0.16587 0.759152 1.18412 1.04515 0.447715 -0.139659 -0.425396 -0.479468 -0.590224 -0.459674 -0.294461 -0.161606 -0.11963 -0.0824017 -0.0430023 0.0533717 -0.112029 -0.623085 -0.972794 -0.768967 -0.536695 -1
-1 -0.931987 -1.50621 -1.98025 -2.09381 -1.5217 -0.729144 0.117703 1.18893 2.43786 4.01122 5.22045 5.27137 4.08036 1.89287 -0.337108 -1.08782 0.472565 2.91215 4.17575 4.01781 3.58959 2.47276 1.63955 0.842055 0.698333 0.90865 1.56681 1.60206 1.11312 0.125726 -0.202866 -0.787131 -0.985914 -1.09715 -0.900264 -0.475406 0.356413 0.816863 0.44242 -0.284038 -0.220542 0.304422 1.32235 2.03969 2.46317 2.07781 1.04684 0.0882392 -0.455792 -0.410616 -0.55349 -0.149523 -0.00479554 0.364841 0.258048 0.336394 0.369455 0.430368 0.0137294 -0.616849 -1.06124 -0.82042 -0.595625 -1
-1 -1.17601 -1.88991 -2.58291 -2.59175 -1.89205 -0.618109 0.653888 1.98723 3.6567 5.83977 7.91988 8.0951 6.33937 3.04125 -0.373258 -1.62852 -0.075711 3.13494 5.51354 6.33533 5.98491 4.46062 2.85928 2.02623 1.87947 2.15334 2.75984 3.06927 2.56143 1.42271 0.50073 -0.2357 -0.746787 -0.841135 -0.871469 -0.656598 -0.0648855 0.282581 0.0410746 -0.0579366 0.464525 1.48544 2.7048 3.38275 3.33741 2.46486 1.20036 0.0133957 -0.537338 -0.529814 -0.55282 -0.256237 0.137667 0.414859 0.574797 0.678974 0.584611 0.329813 -0.161113 -0.770939 -1.07586 -0.887901 -0.683891 -1
-1 -1.38002 -2.15519 -2.73389 -2.71167 -1.79004 -0.162661 1.3102 2.8864 4.5747 6.82945 8.95312 9.1665 7.00673 3.18366 -0.800344 -2.58306 -1.65945 1.54212 4.71354 6.50784 6.41699 4.76034 3.34489 2.7683 2.99705 3.5471 4.0511 3.9128 3.14792 1.80341 0.751596 -0.0695735 -0.461103 -0.528066 -0.60837 -0.552507 -0.434062 -0.211456 -0.182509 0.00294444 0.620759 1.91597 3.31876 3.7124 3.22512 2.06714 1.03593 0.0168702 -0.5338 -0.418654 -0.384079 0.0245962 0.245072 0.615804 0.82493 0.864408 0.706059 0.213715 -0.297751 -0.660655 -0.902342 -0.640917 -0.579754 -1
-1 -1.59921 -2.22605 -2.40526 -1.93218 -1.03983 0.490951 2.05272 3.48205 4.96809 6.5935 8.04167 7.86476 5.82856 2.17716 -1.74488 -3.92365 -3.74607 -1.05451 2.39727 4.79519 5.03031 3.79238 3.13669 3.30298 3.78179 4.2971 4.49401 3.88044 2.69876 1.43928 0.499892 0.0310145 -0.169375 -0.23875 -0.308125 -0.33125 -0.347917 -0.172885 -0.00552551 0.0431503 0.175909 1.188 2.67871 3.16113 2.48155 1.48073 0.677245 -0.0750319 -0.46186 -0.279543 -0.0932258 0.11723 0.456209 0.81855 1.19471 1.30237 0.945079 0.251787 -0.227609 -0.429153 -0.529458 -0.482362 -0.478055 -1
-1 -1.46636 -1.85108 -1.53324 -0.707242 0.308884 1.67811 2.9661 4.12745 4.75394 5.19718 5.40857 4.59115 2.79171 -0.11047 -3.43327 -5.45109 -5.72828 -3.6703 -0.404857 1.98646 2.67476 2.21733 2.74672 3.47812 3.97438 4.01256 3.61086 2.72914 1.58606 0.614019 0.137473 0 0 0 0 0 -0.0397917 0.0923931 0.0757264 0.0223728 -0.282604 0.177577 1.26526 1.76185 1.38251 0.601126 0.221746 -0.130981 -0.290321 -0.0126072 0.273669 0.746005 1.108 1.5553 1.89296 1.96682 1.50518 0.738538 0.245963 0.0784463 -0.0983135 -0.152222 -0.357104 -1
-1 -0.880052 -0.77356 -0.187071 0.789339 1.74928 2.78403 3.85943 4.42595 4.35144 3.56902 2.63324 1.30027 -0.463163 -2.81872 -5.38137 -6.95912 -6.97064 -5.07862 -2.41737 -0.191935 0.91401 1.6291 2.92109 3.80444 3.92449 3.28813 2.44581 1.51042 0.73526 0.237027 0 0 0 0 0 0 0 0 0 -0.0666727 -0.266691 -0.220619 0.308385 0.711813 0.540397 0.123527 -0.116246 -0.196824 -0.0802835 0.26289 0.629995 1.15014 1.69055 2.18241 2.59061 2.69071 2.25309 1.49936 0.935373 0.638189 0.331862 0.0269446 -0.268654 -1
-1 0.148548 0.662872 1.23864 1.63931 2.28859 3.15712 3.96575 4.40601 3.71485 2.21625 0.354904 -1.75623 -3.69953 -5.60904 -7.40531 -8.30661 -7.87268 -6.07849 -3.9396 -1.93425 -0.15308 1.40062 2.98036 3.73201 3.49655 2.38851 1.37399 0.591273 0.237027 0.0912208 0 0 0 0 0 0 0 0 0 0 -0.0666727 -0.0519932 0.0599649 0.0173596 -0.0223967 -0.184057 -0.183113 0.0882583 0.537905 1.09746 1.37759 1.743 2.03723 2.35169 2.63882 2.9128 2.91867 2.2992 1.59765 0.806074 0.444089 0.0579452 -0.243483 -1
-1 1.3196 2.3954 2.3983 1.85777 1.68803 2.07259 2.81458 3.25465 2.90686 1.24397 -1.36094 -4.30664 -6.75015 -8.3181 -9.45839 -9.71099 -9.12866 -7.50273 -5.62455 -3.44441 -1.08423 0.977517 2.44539 2.9065 2.53434 1.46214 0.545809 0.135986 0 0 0 0 0 0 0 0 0 0 0 0 0 -0.00833333 -0.025 -0.118777 -0.166159 -0.15427 -0.159955 0.358356 1.4567 2.32974 2.49869 2.32751 2.22188 2.18318 2.36106 2.86678 3.52181 3.2883 2.14192 0.786784 0.161865 -0.0598867 -0.330752 -1
-1 1.76364 2.82445 2.42576 1.0911 0.400695 0.396797 0.93241 1.45682 1.22805 -0.299261 -3.39614 -6.84633 -9.43686 -10.5203 -11.0387 -10.9044 -10.464 -9.06677 -7.32179 -5.04529 -2.55708 -0.332272 0.984351 1.33127 1.10254 0.515669 0.137851 0 0 0 0 0 0 0 0 0 0 0 0 0 0 0 0 -0.072944 -0.0448915 0.0410326 0.0238845 0.674011 1.9301 3.20669 3.38314 2.9953 2.58836 2.26342 2.23212 2.7486 3.58751 3.49808 1.95328 0.26627 -0.367909 -0.356975 -0.481129 -1
-1 1.08791 1.79401 1.37077 0.289981 -0.486282 -0.739482 -0.572249 -0.62765 -1.38746 -3.41206 -6.38861 -9.52585 -11.65 -12.1574 -12.2618 -12.0536 -11.5259 -10.283 -8.79253 -6.86541 -4.62289 -2.55025 -1.05941 -0.39693 -0.0960889 -0.0461392 0.00124325 0 0 0 0 0 0 0 0 0 0 0 0 0 0 0 0 0 0.0304144 0.121551 0.115674 0.542017 1.68964 2.9835 3.6113 3.51727 3.12247 2.6373 2.30345 2.39704 2.65402 2.25249 0.806816 -0.534117 -0.994422 -0.789151 -0.710041 -1
-1 -0.031862 0.104167 -0.200049 -0.752285 -1.28393 -1.79914 -1.98812 -2.67037 -4.10414 -6.4208 -9.19722 -11.3429 -12.5725 -12.6295 -12.9456 -12.9991 -12.8795 -11.7904 -10.4299 -8.66035 -6.96286 -5.21762 -3.53053 -2.10057 -0.967476 -0.328909 0 0 0 0 0 0 0 0 0 0 0 0 0 0 0 0 0 0 0.0101381 0.0968776 0.0454888 0.487428 1.38272 2.64866 3.46155 3.70766 3.30681 2.81307 2.17676 1.8263 1.10244 0.28617 -0.8818 -1.60729 -1.88425 -1.73766 -1.34245 -1
-1 -0.568513 -0.78959 -1.20562 -1.77396 -2.47493 -3.20926 -3.69371 -4.50711 -6.1397 -8.5026 -10.8559 -12.2438 -12.5319 -12.4996 -13.2679 -14.258 -14.8769 -14.2786 -12.6006 -10.5273 -9.1557 -7.84878 -5.96683 -3.78623 -1.82315 -0.56826 0 0 0 0 0 0 0 0 0 0 0 0 0 0 0 0 0 0 0 -0.00833333 -0.0333333 0.432232 1.50342 2.72035 3.353 3.2511 2.84294 2.31677 1.74828 0.985757 -0.0930035 -1.18492 -1.8696 -2.23194 -2.67824 -2.7784 -2.10939 -1
-1 -0.840608 -1.15375 -1.85814 -2.57128 -3.69786 -4.68492 -5.42054 -6.1818 -7.54157 -9.47864 -11.4699 -12.5248 -12.5896 -12.4914 -13.6509 -15.1924 -16.538 -16.0703 -14.1998 -11.8448 -10.7641 -9.59051 -7.75148 -5.20713 -2.74021 -0.875791 0 0 0 0 0 0 0 0 0 0 0 0 0 0 0 0 0 0 0 0 -0.00833333 0.359815 1.42284 2.45067 2.68801 2.34626 1.87407 1.42259 0.939181 0.38819 -0.530105 -1.38378 -1.71456 -1.91893 -2.57196 -2.90928 -2.15832 -1
-1 -1.29121 -1.90916 -2.70941 -3.66295 -4.76549 -5.90913 -6.88091 -7.71655 -8.92715 -10.5088 -12.0626 -13.0639 -13.4179 -13.7408 -14.8435 -16.2506 -17.1209 -16.4592 -14.7322 -12.8478 -11.7916 -10.6668 -9.00125 -6.59571 -3.64502 -1.14652 0 0 0 0 0 0 0 0 0 0 0 0 0 0 0 0 0 0 0 0 0 0.204833 0.806834 1.37939 1.4398 1.10764 0.867467 0.496483 0.148027 -0.131108 -0.601085 -1.05974 -1.14557 -1.22796 -1.75191 -1.95189 -1.49448 -1
-1 -1.42762 -2.22208 -2.91809 -3.61252 -4.70071 -5.80465 -7.05389 -7.89306 -9.13642 -10.4495 -11.7726 -12.7178 -13.6693 -14.5613 -15.6366 -16.1449 -16.0238 -14.8307 -13.4835 -12.176 -11.2671 -10.3303 -9.25612 -7.20243 -4.06738 -1.26477 0 0 0 0 0 0 0 0 0 0 0 0 0 0 0 0 0 0 0 0 0 0 0.192333 0.168351 0.170178 0.131942 0.282543 0.202751 0.08058 -0.170944 -0.413087 -0.571019 -0.680462 -0.601618 -1.07366 -1.28982 -1.26244 -1
-1 -1.05913 -1.48767 -1.86054 -2.40884 -3.45237 -4.82887 -5.85496 -6.73202 -8.09929 -9.54027 -10.5444 -11.3701 -12.7532 -14.207 -15.0957 -14.8737 -13.9725 -12.511 -11.1181 -10.1195 -9.4104 -8.99343 -8.56589 -6.94771 -3.95633 -1.2212 0 0 0 0 0 0 0 0 0 0 0 0 0 0 0 0 0 0 0 0 0 0 -0.00833333 -0.161902 -0.501053 -0.385496 0.153609 0.636467 0.702972 0.302701 -0.323245 -0.718648 -0.73643 -0.784507 -1.33766 -1.89465 -1.77217 -1
-1 -0.217384 -0.0980979 0.325407 0.234281 -0.683045 -2.17691 -3.32317 -4.15406 -5.73343 -7.23006 -8.16432 -8.88745 -10.5252 -12.168 -12.9661 -12.3843 -11.0704 -9.4372 -7.88516 -6.71965 -6.26687 -6.40442 -6.74143 -5.84248 -3.50627 -1.10799 0 0 0 0 0 0 0 0 0 0 0 0 0 0 0 0 0 0 0 0 0 0 0 -0.141069 -0.581279 -0.573916 0.13631 1.12167 1.42383 0.951908 0.0549055 -0.64994 -0.882766 -1.10528 -2.04176 -2.5589 -2.01183 -1
-1 0.616591 1.5957 2.60164 3.06066 2.4137 0.822664 -0.389672 -1.45604 -2.92651 -4.35748 -5.3132 -6.27337 -7.74649 -9.28425 -10.2004 -9.66591 -8.24587 -6.44455 -4.70333 -3.45475 -3.20906 -4.01487 -4.94918 -4.84052 -3.43053 -1.34993 -0.255941 0 0 0 0 0 0 0 0 0 0 0 0 0 0 0 0 0 0 0 0 0 0 0 -0.635316 -0.848439 -0.326754 0.923678 1.73905 1.65368 0.85284 -0.109213 -0.673508 -1.28806 -2.06724 -2.15895 -1.54639 -1
-1 1.04565 2.6014 4.26969 5.01249 4.67148 3.61023 2.57591 1.57131 0.19777 -1.14734 -2.32637 -3.59522 -4.97487 -6.38061 -7.27946 -7.00098 -5.67799 -3.88249 -2.1725 -1.18904 -1.41848 -2.41332 -3.69932 -4.09404 -3.43901 -1.85418 -0.487657 -0.036128 0 0 0 0 0 0 0 0 0 0 0 0 0 0 0 0 0 0 0 0 0 0 -0.61141 -0.926675 -0.721624 0.608361 1.80626 2.21624 1.65438 0.633114 -0.114869 -0.762198 -1.16239 -1.0608 -0.810338 -1
-1 1.22643 3.21067 5.10721 5.8805 5.60738 5.05047 4.8121 4.20077 3.04506 1.68086 0.421923 -1.02787 -2.72347 -4.1089 -4.88476 -4.52397 -3.32747 -1.76518 -0.461745 -0.136232 -0.828332 -2.03688 -2.98198 -3.43905 -3.18409 -1.89831 -0.75085 -0.14 -0.0241696 0 0 0 0 0 0 0 0 0 0 0 0 0 0 0 0 0 0 0 0 0 -0.368492 -0.634405 -0.68841 0.295674 1.91333 2.76969 2.20968 1.06665 0.359848 0.0108046 -0.16034 -0.167381 -0.29389 -1
-1 1.10532 2.92326 4.85442 5.85726 6.06263 6.32987 6.71364 6.86009 5.73524 4.3236 3.08625 1.36992 -0.456101 -1.98053 -2.47818 -2.1429 -1.36905 -0.520326 0.137277 0.0130449 -0.657535 -1.74833 -2.50321 -2.71291 -2.34861 -1.56652 -0.73535 -0.263633 -0.0604239 0 0 0 0 0 0 0 0 0 0 0 0 0 0 0 0 0 0 0 0 0 0.0934364 0.218993 0.23092 0.991285 2.58898 3.56451 2.9594 1.77744 1.21792 1.07488 0.735005 0.360289 -0.170083 -1
-1 0.959317 2.74907 4.5192 5.91032 6.85902 7.7258 8.84672 9.24395 8.51272 7.14063 5.87197 4.29881 2.4764 1.17462 0.47075 0.21302 0.328238 0.533407 0.55118 0.331407 -0.211892 -1.12386 -1.74917 -1.78331 -1.50601 -1.06977 -0.679281 -0.368494 -0.132933 -0.0241696 0 0 0 0 0 0 0 0 0 0 0 0 0 0 0 0 0 0 0 0.169549 0.724914 1.39743 1.81884 2.52422 3.90307 4.67387 4.16434 3.11067 2.44837 2.02584 1.5101 0.732304 -0.114962 -1
-1 0.64649 2.19541 3.88626 5.27558 6.53071 8.12294 9.8472 11.0145 10.8044 9.69018 8.28568 6.70275 5.36347 4.07709 3.2325 2.53064 2.40885 2.23009 2.09237 1.94099 1.83774 1.54668 0.881674 0.590266 0.50954 0.851443 0.934071 1.02184 0.643016 0.344978 0 0 0 0 0 0 0 0 0 0 0 0 0 0 0 0 0 0 0.391274 0.990428 1.93692 2.66282 3.33889 4.41139 5.46669 6.09056 5.80858 5.10505 4.12801 3.11479 1.89724 0.857288 -0.0831754 -1
-1 0.225218 1.42018 2.61554 3.63327 4.819 6.76352 9.31001 11.4076 12.2299 11.4217 10.0317 8.57267 7.59993 6.73665 5.6917 5.0962 5.14228 5.24127 5.0466 5.05719 5.55729 5.81665 5.11889 4.26212 4.02847 4.28362 4.23927 3.96684 3.31982 1.87749 0.739731 0 0 0 0 0 0 0 0 0 0 0 0 0 0 0 0 0 1.17382 2.56479 3.51808 3.49961 3.96597 5.15482 6.32947 7.13756 7.68645 7.38912 5.96748 3.82997 1.87317 0.522031 -0.294655 -1
-1 -0.239765 0.22509 0.555015 1.27942 2.57567 4.83499 8.2164 10.8562 12.2895 11.8475 10.6436 9.27975 8.8097 8.42554 8.03203 7.67459 8.18219 8.66059 8.68076 9.05505 9.98491 10.8138 9.90686 8.83567 8.35594 8.80583 8.721 8.38217 7.64277 6.2412 3.30911 1.17128 0 0 0 0 0 0 0 0 0 0 0 0 0 0 0 0.624286 2.53675 4.51004 4.5562 3.79106 3.96575 5.33337 6.49183 7.59052 8.65456 8.61054 7.0851 4.39785 1.94922 0.368593 -0.438888 -1
-1 -0.70422 -1.10493 -1.51684 -0.87103 0.923757 4.02855 7.72506 10.5188 11.8381 11.5114 10.7261 9.89695 9.79688 10.1051 10.1749 10.3287 10.9294 11.6217 12.0128 12.5632 13.4775 14.0751 13.7035 12.8028 12.4534 12.7933 12.9037 12.7597 12.8924 12.4804 10.7341 6.94538 3.5594 1.18647 0 0 0 0 0 0 0 0 0 0 0 0.584901 1.7547 3.31126 5.35849 5.74412 4.77108 3.68235 3.97832 5.30276 6.65207 7.74931 8.56115 8.35054 7.08072 4.77827 2.58499 0.9883 -0.0283759 -1
-1 -1.04971 -1.8251 -2.61232 -1.71354 0.988867 4.54457 8.18433 10.4494 11.6492 11.4623 11.1856 10.9057 10.895 11.2443 11.7112 12.4048 13.2263 14.0825 14.9264 15.8283 16.6134 17.2254 17.2422 16.9672 16.7874 17.0507 17.2711 17.789 18.7081 19.5667 19.1858 16.3124 10.6875 4.55744 1.29323 0 0 0 0 0 0 0 0 0.632295 1.21267 2.82271 5.2124 7.77522 8.5185 7.52152 5.6784 4.47401 4.56929 5.80887 7.17984 7.97808 8.01812 7.22369 6.30561 4.89097 3.36977 1.84047 0.600594 -1
-1 -1.3272 -2.19092 -2.53302 -0.752418 2.62347 6.38663 9.30425 10.9947 12.054 12.3902 12.3575 12.1837 12.0497 12.2972 13.1799 14.4962 15.3404 16.1729 17.5043 18.9766 20.3019 21.1552 21.406 21.2732 21.3616 21.69 22.1041 23.2195 24.9356 26.5004 27.5874 25.7089 20.5005 13.4083 8.28116 6.09693 5.0864 4.55932 4.63523 5.08318 5.3002 5.14518 4.84903 5.03489 5.58121 7.14378 9.87908 12.1666 12.1566 10.2137 8.11887 6.56533 6.04934 6.75281 7.87903 8.40172 7.67174 6.33358 5.57336 4.89711 3.77892 2.37999 0.93241 -1
-1 -1.04221 -1.3552 -0.996612 1.1561 4.7013 7.94814 10.1051 11.4151 12.7193 13.6123 13.7197 13.7955 13.4995 13.9317 15.2142 16.8277 17.7597 18.7689 20.3316 22.1962 23.971 25.2932 25.8341 25.7367 25.9889 26.7974 27.6573 29.0976 30.9107 32.6563 33.7095 32.2621 28.9541 23.4882 19.6654 16.6082 14.7203 13.3939 13.4636 14.0315 14.1874 13.6672 12.9294 12.4147 12.0419 12.6597 14.2752 15.4761 15.2713 13.5737 11.7047 9.90886 8.75515 8.5767 9.06518 8.8918 7.53745 5.91492 5.2627 4.69103 3.78012 2.32224 0.949447 -1
