p5_lighting/grds/hillside.dem.grd
ncols 257
nrows 257
xllcorner 0
yllcorner 0
cellsize 1
[rows 90 to 119 of 257, columns 67 to 133 of 257]
174.917 176.246 177.065 177.885 177.613 177.342 178.504 179.666 179.531 179.397 180.214 181.031 181.314 181.597 182.152 182.708 182.253 181.798 182.219 182.641 183.59 184.54 185.522 186.504 186.348 186.193 187.109 188.025 188.294 188.562 188.948 189.334 189.554 189.774 189.651 189.527 190.047 190.566 190.467 190.369 190.265 190.161 189.885 189.609 189.122 188.635 188.908 189.18 188.975 188.771 189.171 189.571 189.917 190.263 191.596 192.929 194.223 195.517 196.958 198.4 199.541 200.683 202.32 203.957 204.932 205.907 207.267
176.159 177.233 177.433 177.871 177.633 177.419 178.408 179.098 179.35 179.481 180.334 180.888 180.425 181.761 182.247 182.126 181.447 181.48 182.85 182.982 183.842 185.011 185.849 186.348 186.467 186.549 187.053 188.178 188.025 189.16 190.059 189.957 190.145 190.589 190.729 190.667 190.836 191.387 191.05 191.547 191.824 191.701 191.101 191.124 190.746 190.336 190.322 190.544 190.526 190.275 191.195 191.289 191.737 192.25 193.155 194.612 195.845 196.935 199.064 199.363 200.831 201.491 202.789 204.645 206.038 207.136 208.454
176.712 178.219 178.039 177.858 177.677 177.496 178.013 178.531 179.048 179.565 180.155 180.746 181.336 181.926 181.735 181.545 181.354 181.163 182.243 183.323 184.402 185.482 185.838 186.193 186.549 186.904 187.618 188.331 189.044 189.758 190.169 190.581 190.992 191.404 191.605 191.806 192.007 192.209 192.467 192.725 192.984 193.242 192.941 192.639 192.338 192.036 191.972 191.908 191.844 191.78 192.394 193.008 193.622 194.237 195.266 196.296 197.325 198.354 199.34 200.326 201.312 202.298 203.815 205.332 206.849 208.366 209.571
176.278 177.518 177.734 177.56 177.715 177.573 178.56 179.164 179.173 179.723 180.706 181.262 181.704 182.091 182.293 181.631 181.777 182.116 183.175 184.298 185.009 185.953 186.947 186.767 187.372 187.618 188.106 188.43 189.388 190.356 190.695 191.403 191.622 192.008 192.597 193.004 193.294 193.03 193.269 193.77 193.836 194.223 194.039 194.258 194.189 193.737 193.988 193.158 193.623 193.962 194.715 195.436 196.321 196.224 197.866 198.695 198.964 199.73 200.843 201.254 202.07 203.106 204.6 205.558 207.738 209.284 210.137
175.421 176.816 177.039 177.262 177.456 177.65 178.723 179.797 179.839 179.88 180.829 181.778 182.017 182.256 181.986 181.717 182.393 183.07 184.171 185.272 185.848 186.425 186.883 187.341 187.836 188.331 188.43 188.53 189.742 190.953 191.59 192.226 192.419 192.612 193.408 194.203 194.027 193.851 194.333 194.814 195.009 195.204 195.54 195.876 195.657 195.438 194.923 194.409 195.277 196.145 197.005 197.864 198.037 198.21 199.653 201.095 201.1 201.105 201.644 202.182 203.048 203.914 204.849 205.784 207.993 210.201 211.238
175.093 176.114 176.2 176.935 176.887 177.726 178.34 179.398 179.687 180.037 180.367 181.584 182.111 182.42 182.599 182.749 183.544 184.023 184.877 185.722 186.188 186.896 187.248 187.952 188.723 189.044 189.233 189.742 190.432 191.551 191.886 192.606 192.499 193.217 193.834 194.43 194.585 194.672 195.224 195.572 195.759 196.185 196.071 196.939 197.55 197.138 197.096 197.042 197.881 198.328 198.778 199.606 199.938 200.197 201.044 202.058 202.175 202.481 203.198 203.437 204.622 204.721 206.036 207.283 208.837 211.119 212.573
174.815 175.412 176.01 176.608 177.205 177.803 178.401 178.999 179.596 180.194 180.792 181.39 181.987 182.585 183.183 183.781 184.378 184.976 185.574 186.171 186.769 187.367 187.965 188.562 189.16 189.758 190.356 190.953 191.551 192.149 192.567 192.985 193.403 193.821 194.239 194.657 195.076 195.494 195.912 196.33 196.748 197.166 197.584 198.002 198.421 198.839 199.257 199.675 200.093 200.511 200.929 201.347 201.766 202.184 202.602 203.02 203.438 203.856 204.274 204.692 205.111 205.529 207.156 208.783 210.409 212.036 213.663
175.213 175.714 176.184 176.595 177.692 178.303 179.598 180.437 180.919 181.415 182.043 182.01 182.783 183.465 184.118 184.661 185.848 186.315 186.828 187.403 188.135 187.96 188.625 188.881 189.571 190.523 191.172 191.701 192.176 192.567 192.664 193.068 193.547 194.085 195.392 195.039 195.394 195.676 196.386 196.36 196.93 197.505 196.983 197.758 198.359 199.367 200.029 200.365 200.542 201.44 201.759 201.919 203.316 204.027 204.344 204.734 205.371 204.877 205.527 205.906 205.76 206.336 207.046 209.003 211.021 212.72 214.451
175.639 176.015 176.299 176.582 177.692 178.803 180.339 181.875 182.255 182.635 182.632 182.63 183.487 184.345 184.943 185.541 186.598 187.655 188.145 188.635 188.594 188.553 188.876 189.2 190.244 191.287 191.868 192.449 192.717 192.985 193.068 193.152 193.75 194.349 194.885 195.42 195.639 195.858 196.124 196.39 197.117 197.844 197.679 197.514 198.705 199.895 200.475 201.055 201.712 202.369 202.429 202.49 204.18 205.87 206.159 206.449 206.174 205.898 206.509 207.12 207.132 207.144 208.184 209.223 211.313 213.403 215.158
175.76 176.317 176.91 177.396 178.09 179.302 180.712 182.157 182.889 183.855 183.767 184.11 184.831 185.224 186.022 186.88 187.601 188.994 188.871 189.335 188.876 189.145 189.643 190.239 191.153 192.052 192.452 192.884 193.041 193.403 193.338 193.75 194.476 194.613 195.157 195.485 195.976 196.04 196.304 196.881 197.847 198.183 198.2 198.626 199.524 200.424 200.643 201.822 202.357 203.298 204.134 204.69 206.451 207.713 208.325 207.598 207.028 206.919 207.255 207.735 207.918 207.951 209.419 210.494 212.317 214.086 215.904
175.928 176.619 177.414 178.21 179.006 179.802 181.12 182.439 183.757 185.076 185.333 185.59 185.847 186.104 187.161 188.219 189.276 190.333 190.184 190.036 189.887 189.738 190.508 191.277 192.047 192.817 193.068 193.319 193.57 193.821 194.085 194.349 194.613 194.877 195.213 195.549 195.886 196.222 196.797 197.372 197.946 198.521 199.129 199.737 200.344 200.952 201.771 202.589 203.408 204.227 205.559 206.891 208.223 209.556 209.152 208.748 208.344 207.94 208.145 208.35 208.554 208.759 210.262 211.764 213.267 214.769 216.918
175.884 177.025 177.92 178.287 179.592 180.302 181.497 183.227 184.265 185.235 185.826 186.334 186.448 186.984 188.143 188.425 189.009 190.466 190.72 189.968 190.011 190.331 191.054 191.45 192.359 193.063 193.948 194.123 194.158 194.239 193.933 194.039 194.56 195.213 195.107 195.385 196.109 196.404 196.955 197.68 198.259 198.893 199.136 199.59 200.679 201.48 202.328 202.913 204.402 205.669 207.541 209.342 210.172 211.398 211.146 211.039 210.374 209.57 209.999 209.445 209.367 209.567 211.093 212.494 214.911 216.098 218.073
176.737 177.431 177.897 178.363 179.582 180.801 182.408 184.015 184.704 185.394 186.236 187.079 187.471 187.864 188.248 188.632 189.616 190.6 190.25 189.901 190.412 190.924 191.273 191.623 192.466 193.309 194.118 194.926 194.792 194.657 194.194 193.73 194.64 195.549 195.385 195.22 195.903 196.586 197.287 197.988 198.626 199.264 199.354 199.444 200.726 202.008 202.622 203.236 205.174 207.111 209.452 211.792 212.517 213.241 213.286 213.33 212.265 211.199 210.87 210.54 210.457 210.374 211.799 213.223 215.326 217.428 219.694
176.867 177.838 178.538 179.193 180.476 181.301 182.575 183.886 184.913 185.553 186.261 187.373 187.572 188.743 189.04 189.438 189.837 190.733 190.896 190.694 190.402 191.517 192.05 192.289 193.261 193.555 193.704 194.787 194.878 195.076 194.771 194.794 194.688 195.886 196.088 195.903 196.347 196.768 197.319 198.233 199.138 199.636 199.761 200.49 201.539 202.537 204.294 204.883 206.71 208.554 210.611 212.627 213.996 215.084 214.944 214.512 213.491 212.829 212.322 211.882 211.413 211.182 213.128 214.631 216.614 218.757 220.99
177.355 178.244 179.133 180.022 180.912 181.801 182.779 183.756 184.734 185.712 186.69 187.668 188.645 189.623 189.934 190.245 190.555 190.866 191.177 191.488 191.799 192.109 192.532 192.955 193.379 193.802 194.225 194.648 195.071 195.494 195.676 195.858 196.04 196.222 196.404 196.586 196.768 196.95 197.714 198.479 199.243 200.008 200.772 201.536 202.301 203.065 204.798 206.531 208.263 209.996 211.729 213.462 215.195 216.927 216.31 215.693 215.076 214.458 213.841 213.224 212.607 211.989 214.014 216.038 218.062 220.086 222.11
178.238 179.284 179.774 180.456 181.64 182.389 184.064 184.837 185.95 186.811 187.558 188.654 189.458 190.503 190.382 190.704 190.577 190.828 191.306 191.572 191.937 192.814 193.029 193.798 194.21 194.369 194.271 194.945 195.316 195.912 196.736 196.599 196.682 196.379 196.901 197.082 196.893 197.714 198.913 199.08 200.252 200.628 201.721 202.526 203.261 203.593 205.105 206.819 208.612 210.325 212 213.728 215.101 216.42 215.764 215.395 215.618 215.124 214.545 214.057 213.827 212.797 214.188 216.02 218.012 220.273 221.908
178.893 180.323 180.606 180.89 181.934 182.977 184.448 185.919 186.915 187.911 188.775 189.64 190.511 191.383 191.273 191.163 190.976 190.789 191.222 191.656 192.588 193.52 194.08 194.641 194.789 194.937 195.09 195.243 195.786 196.33 196.835 197.34 196.939 196.537 197.057 197.578 198.028 198.479 199.08 199.681 200.464 201.248 202.381 203.515 203.818 204.122 205.615 207.108 208.882 210.655 212.325 213.995 214.954 215.913 215.505 215.097 215.444 215.79 215.34 214.891 214.248 213.605 214.804 216.003 218.232 220.46 221.973
179.965 181.362 182.019 182.084 182.896 183.566 185.038 186.525 187.795 189.01 189.739 190.633 191.573 192.262 192.282 191.545 190.685 190.751 191.547 192.238 193.511 194.225 194.384 195.071 195.434 195.505 195.922 195.931 196.213 196.748 196.836 197.175 196.97 196.695 197.151 198.004 198.303 199.243 199.881 200.464 201.432 201.868 203.097 203.674 204.498 204.65 206.371 207.677 209.093 210.984 211.942 213.55 214.492 215.406 215.245 215.554 215.882 216.456 216.167 215.531 214.881 214.412 215.878 217.015 218.549 220.647 222.153
180.681 182.402 182.84 183.278 183.716 184.154 185.643 187.132 188.62 190.109 190.867 191.626 192.384 193.142 192.535 191.927 191.32 190.712 191.766 192.821 193.875 194.93 195.215 195.501 195.787 196.072 196.346 196.619 196.893 197.166 197.088 197.009 196.931 196.852 197.641 198.43 199.219 200.008 200.628 201.248 201.868 202.488 203.16 203.833 204.506 205.178 206.712 208.246 209.779 211.313 212.21 213.106 214.003 214.899 215.455 216.01 216.566 217.122 216.646 216.171 215.695 215.22 216.623 218.027 219.43 220.834 222.612
181.398 182.159 183.119 183.564 184.594 184.742 185.792 187.328 188.481 190.478 191.039 191.82 193.315 194.022 193.281 193.013 192.901 192.335 193.305 193.914 194.862 195.635 196.357 196.417 196.141 196.628 196.718 197.198 197.198 197.584 197.48 197.011 197.809 197.877 198.834 199.102 199.865 200.772 201.241 201.708 202.976 203.16 204.144 204.599 205.353 205.707 206.802 207.889 209.195 211.005 212.027 212.777 214.017 214.392 215.041 214.927 215.608 216.756 216.542 216.851 216.56 216.027 217.24 218.593 219.854 221.396 222.842
180.911 181.916 182.883 183.85 184.59 185.331 186.428 187.525 189.186 190.847 191.431 192.015 193.458 194.902 194.5 194.099 194.029 193.959 194.483 195.007 195.673 196.34 196.837 197.334 197.259 197.183 197.48 197.777 197.89 198.002 197.507 197.013 197.957 198.902 199.338 199.775 200.655 201.536 201.852 202.168 203 203.833 204.599 205.365 205.8 206.235 206.884 207.533 209.115 210.697 211.572 212.447 213.166 213.885 213.864 213.844 215.117 216.391 216.961 217.532 217.183 216.835 217.997 219.16 220.559 221.958 223.44
180.772 181.673 183.062 183.91 185.323 185.919 187.176 188.286 189.8 191.216 192.367 193.069 194.097 195.781 195.376 195.516 195.615 195.582 196.386 196.242 196.815 197.045 197.651 197.678 197.846 197.739 198.293 198.172 198.796 198.421 198.32 198.454 199.03 199.927 200.262 200.892 201.305 202.301 203.003 203.145 203.942 204.506 205.155 205.8 206.174 206.763 207.209 208.11 208.935 210.389 211.155 211.962 212.177 213.378 213.983 214.055 215.009 216.026 216.845 217.293 217.433 217.643 218.73 219.963 221.776 222.52 223.804
180.161 181.431 182.7 183.969 185.238 186.507 187.777 189.046 190.315 191.584 192.854 194.123 195.392 196.661 196.797 196.933 197.07 197.206 197.342 197.478 197.614 197.75 197.886 198.022 198.158 198.294 198.43 198.567 198.703 198.839 199.367 199.895 200.424 200.952 201.48 202.008 202.537 203.065 203.593 204.122 204.65 205.178 205.707 206.235 206.763 207.291 207.989 208.686 209.384 210.081 210.779 211.476 212.173 212.871 213.568 214.266 214.963 215.66 216.358 217.055 217.753 218.45 219.608 220.766 221.924 223.082 224.239
180.201 181.303 182.893 183.852 185.457 186.386 187.21 188.218 189.508 190.841 192.715 194.137 195.409 196.408 196.237 195.903 196.107 196.219 195.697 196.091 196.815 197.374 197.871 198.445 198.441 199.085 199.683 199.318 199.006 199.257 199.464 199.628 200.032 200.753 202.346 203.164 203.708 204.073 205.189 206.285 206.502 206.845 206.837 207.294 207.467 207.989 208.452 208.938 210.304 210.888 211.827 211.882 212.253 213.259 213.731 214.508 215.351 216.168 216.36 217.348 218.404 219.258 219.861 220.704 221.895 223.32 224.642
179.88 181.176 182.455 183.734 184.999 186.265 186.828 187.391 188.744 190.097 192.124 194.151 195.153 196.155 195.513 194.872 195.052 195.232 194.968 194.705 195.851 196.998 197.933 198.868 199.372 199.876 199.973 200.07 199.873 199.675 199.518 199.361 199.957 200.554 202.437 204.32 204.7 205.081 206.764 208.447 208.479 208.511 208.433 208.354 208.52 208.686 208.938 209.189 210.442 211.695 211.992 212.289 212.967 213.646 214.198 214.75 215.713 216.676 217.158 217.64 218.853 220.065 220.353 220.641 222.1 223.558 224.43
180.129 181.049 182.594 183.603 184.824 186.143 186.592 187.353 188.402 189.354 191.58 193.14 194.773 195.901 195.544 194.662 193.829 194.245 194.168 194.728 196.105 196.621 197.943 198.86 199.563 200.667 200.917 200.527 200.101 200.093 200 199.847 200.306 200.355 201.874 203.973 205.371 206.088 207.248 208.959 209.85 210.178 210.138 209.658 209.288 209.384 209.814 210.442 211.435 212.502 213.271 213.077 213.571 214.034 214.556 215.403 216.28 217.183 218.135 218.663 220.123 220.873 221.497 221.75 222.854 223.797 224.986
179.988 180.921 182.196 183.472 184.747 186.022 186.669 187.316 187.963 188.61 190.37 192.129 193.888 195.648 195.05 194.453 193.856 193.258 194.005 194.752 195.498 196.245 197.548 198.851 200.154 201.457 201.221 200.984 200.748 200.511 200.422 200.333 200.245 200.156 201.891 203.626 205.361 207.096 208.283 209.47 210.657 211.844 211.404 210.963 210.522 210.081 210.888 211.695 212.502 213.309 213.587 213.865 214.143 214.422 215.239 216.056 216.873 217.691 218.688 219.686 220.683 221.68 222.269 222.858 223.446 224.035 225.177
180.231 181.135 182.675 183.302 184.642 185.9 186.581 187.245 188.292 188.979 190.546 192.451 193.898 195.394 195.412 194.833 194.15 193.616 194.571 194.619 194.825 195.869 197.059 198.216 199.33 200.708 200.77 200.987 200.662 200.929 201.117 201.615 201.553 201.781 203.134 204.535 206.432 208.104 209.245 209.965 210.51 211.883 211.971 211.4 210.836 210.779 211.585 212.16 212.8 213.587 213.88 213.976 213.942 214.809 215.846 216.799 217.369 218.378 219.186 220.41 221.752 222.488 223.246 223.414 223.916 224.827 226.369
179.883 181.35 182.241 183.132 184.455 185.779 186.477 187.175 188.261 189.348 191.06 192.772 193.957 195.141 195.177 195.214 194.593 193.973 194.23 194.487 194.99 195.493 196.537 197.581 198.771 199.96 200.475 200.99 201.168 201.347 202.122 202.896 203.151 203.406 204.425 205.445 207.278 209.112 209.786 210.46 211.191 211.922 211.879 211.836 211.656 211.476 212.051 212.626 213.246 213.865 213.976 214.087 214.642 215.197 216.37 217.542 218.304 219.066 220.1 221.134 222.215 223.296 223.633 223.971 224.795 225.618 226.653
180.219 181.564 182.426 183.394 184.861 185.658 186.7 187.493 188.701 189.716 190.941 192.566 193.781 194.888 194.625 194.937 194.593 194.33 194.212 194.6 195.008 195.117 196.006 197.091 198.651 199.211 199.99 200.656 201.387 201.766 202.616 203.658 203.846 205.031 205.82 207.168 208.897 210.119 210.404 211.011 211.493 211.96 211.713 212.136 212.057 212.173 212.754 213.136 213.677 214.143 214.096 214.642 215.138 215.585 216.819 217.875 218.714 219.754 220.59 221.905 223.33 224.103 224.41 225.013 225.952 226.41 227.464
