p5_lighting/grds/hillside.dem.grd
ncols 257
nrows 257
xllcorner 0
yllcorner 0
cellsize 1
[rows 210 to 239 of 257, columns 0 to 66 of 257]
210 211.775 213.549 214.048 214.546 215.704 216.862 218.212 219.563 220.569 221.575 222.961 224.347 225.124 225.901 226.56 227.22 228.278 229.336 230.142 230.948 231.128 231.309 231.884 232.458 232.472 232.485 233.948 235.411 235.708 236.006 237.718 239.43 241.602 243.773 245.915 248.056 250.716 253.376 256.271 259.167 261.445 263.723 266.554 269.386 270.331 271.277 275.223 279.169 279.927 280.684 282.929 285.174 286.316 287.459 288.39 289.322 290.298 291.274 291.807 292.34 294.044 295.748 297.291 298.834 298.905 298.975
211 211.951 213.88 214.863 215.484 216.643 217.983 219.821 220.674 222.095 222.905 223.892 225.515 226.274 226.561 227.224 227.489 228.799 229.602 230.762 231.462 231.73 231.588 231.816 232.109 232.454 232.789 233.839 234.918 235.728 236.415 237.944 239.328 240.881 243.274 244.883 247.19 250.053 252.867 256.169 258.781 261.189 263.629 266.425 269.032 270.742 272.331 275.121 278.631 279.96 281.286 283.147 285.429 286.454 287.541 288.27 289.442 290.206 290.824 291.066 291.761 293.568 295.608 297.544 299.295 299.03 299.25
212 213.106 214.211 215.317 216.422 217.763 219.104 220.445 221.786 223.01 224.235 225.459 226.684 226.953 227.222 227.49 227.759 228.813 229.868 230.922 231.976 231.922 231.868 231.813 231.759 232.425 233.092 233.759 234.425 235.625 236.825 238.025 239.225 241 242.775 244.55 246.325 249.342 252.359 255.377 258.394 260.965 263.536 266.107 268.678 271.032 273.386 275.739 278.093 279.991 281.889 283.787 285.684 286.654 287.624 288.594 289.563 289.968 290.373 290.778 291.182 293.325 295.469 297.612 299.755 299.64 299.525
213 213.795 215.288 216.747 217.596 219.097 220.613 221.658 222.898 223.836 225.42 226.059 226.897 227.417 228.016 228.025 228.029 228.497 229.313 230.493 231.382 230.916 231.082 231.484 231.409 232.103 232.772 233.55 234.466 235.874 237.215 238.588 239.123 241.255 242.83 244.576 246.701 249.431 252.491 255.264 258.007 260.469 263.209 265.699 268.107 269.868 272.973 275.17 277.555 279.699 281.34 282.975 285.012 286.119 287.186 288.382 289.684 290.427 291.078 291.889 292.342 294.555 296.233 298.455 300.215 300.185 300.496
214 215.182 216.364 217.567 218.769 220.446 222.122 223.066 224.009 225.308 226.606 226.858 227.11 227.96 228.811 228.555 228.299 228.529 228.759 229.773 230.788 230.542 230.296 230.678 231.059 231.756 232.453 233.479 234.506 236.056 237.606 238.313 239.02 240.953 242.885 244.982 247.078 249.85 252.622 255.121 257.621 260.251 262.882 265.209 267.536 270.049 272.561 274.789 277.017 278.904 280.792 282.565 284.339 285.544 286.748 288.277 289.805 290.795 291.784 292.643 293.502 295.249 296.997 298.836 300.675 301.071 301.468
215 216.312 217.461 218.886 219.943 221.537 222.898 223.683 225.121 225.944 226.745 227.3 227.322 228.221 228.499 228.38 228.569 228.571 228.989 229.64 230.194 230.391 230.138 230.626 230.71 232.045 232.463 233.567 234.547 235.638 237.154 238.068 238.918 240.693 243.104 245.537 247.455 250.212 252.481 254.684 257.234 259.767 262.251 264.796 266.965 269.118 271.864 274.388 276.479 278.231 280.129 282.014 283.666 285.02 286.634 289.04 289.926 291.132 292.359 293.219 294.661 295.98 297.853 299.567 301.135 301.164 301.273
216 217.279 218.558 219.837 221.116 222.395 223.674 224.953 226.232 226.558 226.884 227.21 227.535 227.861 228.187 228.513 228.839 229.029 229.219 229.409 229.599 229.79 229.98 230.17 230.36 231.417 232.474 233.531 234.588 235.644 236.701 237.758 238.815 241.069 243.323 245.577 247.831 250.085 252.339 254.593 256.848 259.234 261.621 264.007 266.394 268.781 271.167 273.554 275.94 277.704 279.467 281.23 282.994 284.757 286.52 288.283 290.047 291.49 292.934 294.377 295.821 297.265 298.708 300.152 301.595 301.337 301.078
217 218.008 219.25 221.024 222.053 223.441 224.401 225.121 226.39 226.161 226.425 227.226 228.074 228.689 228.369 228.166 229.108 228.998 229.265 229.63 229.859 229.64 230.235 230.66 230.877 232.359 233.725 234.418 235.528 235.794 236.388 237.103 238.713 240.979 243.061 245.358 247.584 249.438 251.804 253.84 256.593 258.535 260.556 262.698 265.987 268.763 271.266 273.047 275.402 277.12 279.422 280.948 282.995 284.849 286.283 287.772 289.848 291.373 292.796 294.251 295.398 297.247 298.883 300.25 302.055 302.042 302.325
218 218.971 219.942 221.465 222.989 224.058 225.128 225.838 226.549 226.258 225.967 227.29 228.613 228.582 228.551 228.964 229.378 229.344 229.311 229.715 230.119 230.304 230.489 230.942 231.394 233.185 234.976 235.723 236.469 236.272 236.075 237.343 238.61 240.704 242.798 245.067 247.336 249.302 251.269 253.804 256.339 257.915 259.491 262.535 265.58 268.472 271.364 273.114 274.864 277.12 279.376 281.186 282.996 284.521 286.045 287.847 289.649 291.154 292.659 293.817 294.974 297.017 299.059 300.787 302.515 303.044 303.572
219 220.078 221.186 222.378 223.926 224.509 225.496 225.913 226.707 227.133 227.122 227.762 229.152 229.061 229.177 229.196 229.648 229.715 229.795 230.097 230.38 230.297 231.012 231.399 231.911 233.738 235.183 236.751 237.41 237.09 237.226 237.971 238.507 240.373 242.71 244.927 247.088 249.312 251.302 253.356 256.085 257.966 259.895 262.312 265.172 267.723 270.32 272.443 274.326 276.719 278.884 280.864 282.997 284.642 286.085 288.022 289.45 290.744 292.174 292.811 294.551 296.635 298.92 301.126 302.976 303.245 303.8
220 221.216 222.431 223.647 224.862 225.363 225.864 226.365 226.865 227.572 228.278 228.984 229.691 229.747 229.804 229.861 229.918 230.098 230.279 230.459 230.64 231.087 231.534 231.981 232.428 233.909 235.389 236.87 238.351 238.364 238.378 238.391 238.405 240.514 242.623 244.732 246.84 249.088 251.336 253.584 255.831 258.065 260.298 262.532 264.765 267.021 269.277 271.532 273.788 276.09 278.393 280.695 282.998 284.561 286.124 287.688 289.251 290.47 291.69 292.909 294.128 296.455 298.782 301.109 303.436 303.732 304.029
221 222.131 223.283 224.314 225.084 225.506 226.058 226.247 227.024 227.696 228.689 229.232 229.58 229.653 229.543 230.022 230.188 230.426 230.18 230.539 231.166 231.739 231.873 232.428 232.945 233.934 234.961 236.128 237.825 237.967 238.191 238.783 238.302 240.426 242.575 244.599 246.732 249.781 251.637 253.704 255.577 257.867 259.952 262.479 264.38 266.89 269.487 271.676 273.25 275.162 277.774 279.968 282.26 283.994 285.615 287.325 289.052 290.293 291.232 292.729 294.812 296.523 298.763 301.345 303.896 304.303 304.116
222 223.067 224.135 224.72 225.306 225.779 226.253 226.717 227.182 228.141 229.101 229.285 229.469 229.376 229.282 229.87 230.458 230.269 230.08 230.887 231.693 231.953 232.213 232.837 233.462 233.997 234.532 235.915 237.298 237.651 238.004 238.102 238.2 240.364 242.528 244.575 246.623 249.281 251.938 253.631 255.323 257.465 259.606 261.801 263.995 266.846 269.697 271.204 272.712 274.933 277.155 279.338 281.522 283.314 285.106 286.98 288.854 289.814 290.775 293.136 295.497 297.12 298.743 301.55 304.356 304.279 304.203
223 223.978 224.505 225.083 225.528 226.009 226.438 227.172 227.34 228.572 228.737 228.879 229.359 229.498 229.702 230.191 230.728 230.466 230.976 231.327 232.22 232.625 232.917 233.247 233.979 234.083 234.951 236.141 236.772 237.178 237.562 237.58 238.097 240.078 242.364 244.013 246.514 248.316 251.274 253.239 255.069 256.937 259.313 261.102 263.61 265.789 268.564 270.012 272.174 274.431 276.498 278.412 280.784 282.652 284.678 286.988 288.655 290.191 291.718 293.772 296.181 297.857 299.907 302.521 304.816 304.406 304.707
224 224.437 224.875 225.312 225.749 226.187 226.624 227.061 227.499 227.936 228.373 228.811 229.248 229.685 230.123 230.56 230.997 231.435 231.872 232.309 232.747 233.184 233.621 234.059 234.496 234.933 235.371 235.808 236.245 236.683 237.12 237.557 237.995 240.097 242.2 244.302 246.405 248.507 250.61 252.713 254.815 256.918 259.02 261.123 263.225 265.328 267.43 269.533 271.635 273.738 275.841 277.943 280.046 282.148 284.251 286.353 288.456 290.558 292.661 294.763 296.866 298.969 301.071 303.174 305.276 305.244 305.211
225 225.435 225.042 225.632 226.51 226.918 227.895 228.921 229.122 229.294 229.551 230.352 230.441 230.945 231.967 232.227 232.087 232.68 232.738 233.244 233.641 234.887 235.769 235.882 236.223 236.417 236.499 237.357 237.778 238.364 238.837 239.169 239.557 241.282 243.485 244.627 246.753 249.617 252.049 253.938 255.926 258.475 260.385 262.107 263.631 265.895 267.619 270.26 271.82 273.44 275.265 276.972 279.798 281.755 284.612 286.643 289.234 291.465 293.949 295.952 298.365 300.295 302.16 303.923 305.736 305.636 305.209
226 225.605 225.21 226.241 227.271 228.219 229.167 229.956 230.745 230.737 230.729 231.182 231.635 232.723 233.812 233.494 233.176 233.39 233.604 234.069 234.534 236.226 237.917 237.933 237.949 237.788 237.627 238.468 239.31 239.932 240.554 240.837 241.12 242.945 244.771 245.936 247.102 250.295 253.488 255.263 257.038 259.393 261.749 262.893 264.036 265.922 267.808 269.907 272.005 273.347 274.689 277.12 279.55 282.262 284.973 287.493 290.012 292.624 295.236 297.55 299.864 301.557 303.249 304.723 306.196 305.701 305.206
227 226.912 226.803 226.765 228.032 229.777 230.279 231.272 232.368 232.46 232.368 232.718 232.828 234.049 234.25 234.117 234.266 234.588 234.721 235.273 235.428 237.226 238.39 239.042 239.676 239.499 239.757 240.679 240.842 241.284 241.932 242.183 242.683 244.057 245.396 246.473 247.45 250.424 253.509 255.585 258.149 260.601 261.901 263.405 264.442 266.197 268.21 270.183 272.19 274.041 275.202 276.96 279.302 282.495 285.143 288.149 290.79 293.269 296.226 298.92 301.364 302.88 304.119 305.319 306.657 306.022 306.197
228 228.198 228.397 228.595 228.793 230.093 231.392 232.692 233.991 233.999 234.006 234.014 234.022 234.355 234.689 235.022 235.356 235.597 235.839 236.081 236.322 237.592 238.862 240.132 241.402 241.645 241.888 242.131 242.374 242.842 243.31 243.778 244.245 245.134 246.022 246.91 247.799 250.664 253.529 256.395 259.26 260.657 262.054 263.451 264.847 266.729 268.611 270.493 272.374 274.044 275.715 277.385 279.055 282.183 285.312 288.44 291.568 294.392 297.216 300.039 302.863 303.926 304.99 306.053 307.117 307.152 307.188
229 229.223 229.473 230.041 230.655 231.445 232.546 233.818 235.614 235.852 235.488 235.442 235.541 235.574 236.122 236.164 236.445 236.616 237.772 238.116 238.244 239.951 241.156 242.164 243.129 243.059 243.796 243.811 244.131 244.575 245.159 245.288 245.808 247.555 248.593 249.577 250.124 252.991 255.459 258.282 260.371 261.69 262.519 264.062 265.738 267.519 269.532 270.741 272.559 274.081 276.184 278.041 280.265 283.473 286.336 289.37 292.347 294.996 297.348 299.603 302.602 304.212 305.354 306.661 307.577 307.819 307.929
230 230.274 230.549 231.533 232.517 233.109 233.701 235.469 237.237 237.104 236.97 237.015 237.06 237.308 237.556 237.545 237.535 238.62 239.706 239.936 240.167 241.808 243.45 244.153 244.856 245.28 245.704 245.796 245.888 246.448 247.009 247.19 247.371 249.267 251.164 251.807 252.45 254.919 257.389 259.436 261.483 262.233 262.983 264.806 266.628 268.54 270.452 271.598 272.744 274.698 276.653 279.064 281.476 284.418 287.36 290.242 293.125 295.303 297.481 299.911 302.341 304.03 305.719 306.878 308.037 308.354 308.671
231 231.498 232.335 233.134 234.38 235.082 236.032 237.461 238.86 239.14 238.63 238.658 238.579 238.75 238.731 238.848 238.624 240.138 240.784 241.903 242.089 243.333 244.805 245.867 246.582 246.788 247.28 247.282 247.645 247.963 248.479 248.882 248.933 250.793 252.481 253.49 254.775 256.466 258.896 260.958 262.594 263.012 264.52 266.39 267.519 269.272 270.607 271.81 272.928 275.469 277.579 280.028 282.687 285.464 288.324 290.813 293.903 296.002 297.865 299.934 302.08 303.975 305.554 307.089 308.497 308.81 308.992
232 233.06 234.121 235.181 236.242 237.302 238.363 239.423 240.484 240.387 240.291 240.195 240.099 240.002 239.906 239.81 239.714 240.788 241.863 242.937 244.011 245.086 246.16 247.234 248.309 248.582 248.856 249.129 249.402 249.676 249.949 250.223 250.496 252.147 253.798 255.45 257.101 258.752 260.403 262.054 263.705 264.881 266.057 267.233 268.409 269.585 270.761 271.937 273.113 275.809 278.505 281.201 283.897 286.593 289.289 291.985 294.681 296.466 298.25 300.035 301.819 303.604 305.388 307.173 308.957 309.135 309.313
233 233.838 235.195 235.911 236.838 237.928 238.826 239.78 240.95 240.52 240.726 240.464 240.48 240.901 240.383 240.68 240.803 241.915 242.95 244.096 245.103 246.049 246.928 247.965 249.234 249.303 249.84 249.832 250.467 251.325 251.554 251.486 252.059 253.572 254.574 255.783 257.644 259.149 260.58 262.434 264.341 264.87 265.803 266.862 268.281 269.074 270.166 271.431 273.298 275.563 278.807 281.512 283.937 286.405 288.542 291.237 294.548 296.13 297.797 299.504 301.225 303.004 304.432 306.871 309.417 309.647 309.664
234 235.134 236.269 236.852 237.435 238.362 239.288 240.352 241.416 241.288 241.16 241.011 240.862 240.861 240.86 241.377 241.893 242.965 244.037 245.115 246.194 246.945 247.696 248.928 250.16 250.492 250.824 251.178 251.531 252.345 253.159 253.39 253.621 254.486 255.35 256.768 258.186 259.472 260.757 262.867 264.978 265.263 265.549 266.851 268.152 268.861 269.57 271.526 273.483 276.295 279.108 281.542 283.976 285.886 287.796 291.105 294.414 295.88 297.345 298.988 300.632 302.054 303.477 306.677 309.877 309.947 310.016
235 235.951 236.791 237.625 238.032 238.764 239.889 240.742 241.883 241.454 241.574 241.366 241.244 241.06 241.855 242.873 242.982 243.968 245.13 246.406 247.285 248.017 248.945 249.855 251.086 251.703 251.83 252.06 252.596 252.98 254.181 254.351 255.184 255.804 256.68 257.52 258.729 259.487 261.759 263.148 265.614 266.644 266.311 267.399 268.024 268.918 270.222 271.864 273.667 276.599 279.031 281.283 284.016 286.125 288.449 291.571 294.281 295.846 297.07 298.975 300.038 301.954 304.299 307.468 310.337 310.406 310.607
236 236.657 237.314 237.971 238.628 239.559 240.489 241.419 242.349 242.168 241.988 241.807 241.626 242.237 242.849 243.46 244.072 245.148 246.224 247.301 248.377 249.285 250.194 251.103 252.011 252.424 252.836 253.248 253.66 254.432 255.204 255.975 256.747 257.378 258.009 258.641 259.272 261.016 262.761 264.505 266.25 266.661 267.073 267.484 267.895 269.384 270.874 272.363 273.852 276.403 278.954 281.505 284.055 286.579 289.102 291.625 294.148 295.472 296.796 298.12 299.445 302.283 305.121 307.959 310.798 310.998 311.198
237 237.695 238.496 239.027 239.498 239.919 240.835 242.029 242.816 243.174 242.917 242.581 242.8 243.53 243.803 244.531 245.162 246.337 247.653 247.653 249.301 249.49 250.773 251.556 252.937 253.352 253.594 253.979 255.084 255.936 257.102 257.687 258.309 258.906 259.364 259.9 260.928 262.028 263.46 265.504 266.886 267.785 268.242 268.389 268.845 270.398 271.633 272.974 274.037 277.149 279.428 281.739 284.067 286.416 288.744 291.522 294.014 295.603 297.524 298.823 300.365 302.894 305.609 308.351 311.258 311.717 311.93
238 238.839 239.678 240.023 240.368 240.775 241.182 242.232 243.282 243.565 243.847 243.911 243.974 244.365 244.756 245.504 246.251 247.666 249.082 249.653 250.224 250.788 251.353 252.608 253.863 254.107 254.352 255.43 256.508 257.754 259 259.436 259.872 260.296 260.719 261.652 262.584 263.371 264.159 265.84 267.522 268.467 269.411 269.603 269.794 271.093 272.392 273.306 274.221 277.062 279.903 281.991 284.079 286.233 288.387 291.134 293.881 296.067 298.252 299.769 301.285 303.691 306.097 308.907 311.718 312.19 312.663
239 239.373 240.366 240.859 241.238 241.544 242.172 243.065 243.749 244.46 244.558 244.492 245.148 245.887 246.066 246.505 247.341 248.191 249.666 250.414 251.148 252.229 252.623 253.366 254.788 255.38 255.944 257.153 257.932 258.934 260.088 260.597 261.435 262.093 262.583 263.477 264.24 264.802 265.752 266.605 268.158 268.527 269.827 270.717 270.743 272.207 272.767 273.357 274.406 277.172 279.625 281.667 284.091 286.512 288.623 290.735 293.748 296.157 298.311 300.045 302.206 304.934 306.99 309.904 312.178 312.794 313.21
