p5_lighting/grds/hillside.dem.grd
ncols 257
nrows 257
xllcorner 0
yllcorner 0
cellsize 1
[rows 60 to 89 of 257, columns 67 to 133 of 257]
161.942 162.603 162.547 162.492 162.437 162.382 163.134 163.887 164.64 165.392 165.096 164.799 164.503 164.206 165.507 166.808 168.108 169.409 169.311 169.213 169.115 169.017 169.097 169.176 169.256 169.336 170.333 171.33 172.327 173.324 173.933 174.542 175.152 175.761 175.818 175.875 175.932 175.989 175.649 175.309 174.97 174.63 174.302 173.975 173.647 173.32 174.63 175.939 177.249 178.558 178.017 177.476 176.935 176.394 176.467 176.541 176.615 176.689 176.631 176.572 176.514 176.455 177.214 177.972 178.731 179.489 181.663
163.431 163.75 163.564 162.903 163.128 163.792 164.006 164.875 166.252 166.258 166.406 166.066 166.169 165.577 166.884 168.393 169.004 169.687 169.947 169.158 169.54 169.601 169.701 170.174 170.21 170.049 171.22 171.965 172.639 173.248 173.75 174.225 174.069 175.284 175.896 175.476 175.745 175.664 175.274 175.586 174.721 174.853 175.099 175.105 174.248 174.078 174.875 175.682 176.598 178.215 178.099 177.903 177.296 176.8 177.02 177.379 177.324 177.23 177.523 177.899 177.679 177.263 178.264 179.109 180.055 180.954 183.054
165.075 164.896 164.105 163.313 164.258 165.202 165.533 165.864 166.494 167.124 167.228 167.333 167.14 166.948 168.463 169.978 169.972 169.966 169.534 169.103 169.644 170.186 170.679 171.171 170.967 170.762 171.681 172.599 172.886 173.173 173.54 173.907 174.357 174.808 174.942 175.077 175.207 175.338 175.6 175.863 175.469 175.075 175.655 176.235 175.536 174.837 175.131 175.425 176.649 177.873 178.101 178.329 177.768 177.207 177.711 178.216 177.994 177.771 178.498 179.226 178.648 178.071 179.158 180.245 181.332 182.42 184.287
165.508 166.043 165.973 165.46 166.271 166.613 166.57 167.152 167.608 167.99 168.166 168.303 168.843 168.318 169.195 170.042 169.827 170.244 170.424 170.021 170.155 170.771 170.837 171.471 171.371 171.475 171.867 172.602 172.526 173.097 173.419 173.672 173.941 174.331 174.523 174.674 175.285 175.013 175.115 175.483 175.582 175.298 175.566 176.086 175.596 175.595 175.158 176.098 177.063 177.53 178.042 177.966 177.714 177.613 177.502 178.326 177.849 178.312 179.043 179.247 179.348 178.878 180.606 181.382 182.897 183.885 185.433
166.982 167.19 167.398 167.607 167.815 168.023 168.231 168.44 168.648 168.856 169.064 169.273 169.481 169.689 169.897 170.106 170.314 170.522 170.73 170.939 171.147 171.355 171.564 171.772 171.98 172.188 172.397 172.605 172.813 173.021 173.23 173.438 173.646 173.854 174.063 174.271 174.479 174.688 174.896 175.104 175.312 175.521 175.729 175.937 176.145 176.354 176.562 176.77 176.978 177.187 177.395 177.603 177.811 178.02 178.228 178.436 178.644 178.853 179.061 179.269 179.478 179.686 181.102 182.518 183.934 185.351 186.767
166.827 166.477 167.015 167.567 168.387 168.03 168.807 169.105 168.903 169.781 170.248 170.103 170.285 170.33 170.578 171.048 171.135 171.27 171.711 171.818 172.378 172.391 172.423 172.737 173.066 173.094 173.601 173.761 173.562 173.619 173.704 174.047 174.335 174.757 174.653 174.909 175.336 175.054 175.172 175.484 176.032 176.086 175.896 175.625 176.347 176.058 176.236 176.255 176.454 176.303 176.671 177.37 177.381 178.188 178.126 179.022 178.569 178.912 179.295 180.126 180.341 180.493 181.709 183.338 184.527 186.147 187.683
165.954 165.764 166.646 167.527 167.782 168.036 168.903 169.77 170.238 170.706 170.819 170.933 170.952 170.972 171.481 171.991 172.004 172.018 172.358 172.698 173.063 173.428 173.565 173.702 173.851 173.999 174.459 174.918 174.567 174.217 174.437 174.656 175.158 175.66 175.604 175.547 175.484 175.42 175.642 175.864 176.258 176.651 175.982 175.313 175.538 175.763 175.751 175.74 175.58 175.419 176.278 177.137 177.747 178.357 178.982 179.608 179.289 178.971 179.977 180.984 181.142 181.301 182.73 184.159 185.551 186.944 188.869
165.444 165.051 165.867 166.86 167.593 168.043 169.357 170.036 170.729 171.631 171.299 171.669 171.808 171.613 171.951 172.437 172.734 172.766 173.209 173.602 174.045 174.464 174.239 174.678 175.139 174.905 175.409 175.264 174.428 174.815 174.808 175.548 176.077 176.563 176.671 176.178 175.903 175.786 176.056 176.416 176.498 177.216 176.593 175.895 175.744 175.468 175.27 175.076 175.034 174.536 175.667 176.655 177.636 178.526 178.555 179.25 179.452 179.03 179.63 180.993 181.32 182.109 183.509 184.943 186.656 187.74 189.582
165.051 164.338 165.266 166.193 167.121 168.049 169.176 170.303 171.429 172.556 172.481 172.405 172.33 172.254 172.569 172.884 173.199 173.514 174.01 174.507 175.003 175.5 175.577 175.655 175.733 175.81 175.711 175.611 175.512 175.412 175.926 176.439 176.952 177.465 177.137 176.809 176.481 176.153 176.56 176.967 177.374 177.781 177.129 176.477 175.825 175.172 174.792 174.412 174.032 173.652 174.913 176.173 177.434 178.694 178.793 178.892 178.99 179.089 180.046 181.002 181.959 182.916 184.321 185.726 187.132 188.537 190.104
165.719 165.266 165.65 166.32 167.31 168.055 168.928 170.254 171.18 172.279 172.123 172.388 173.136 172.895 173.378 173.505 174.231 174.443 175.019 175.21 176.064 176.536 176.514 176.847 176.582 176.539 176.372 175.992 176.201 176.01 176.354 177.062 177.303 177.527 177.579 177.269 177.65 176.519 176.525 176.662 177.043 177.287 177.123 176.584 175.863 174.877 174.793 174.487 174.627 174.409 176.051 177.523 177.91 178.863 179.193 179.835 179.855 180.006 181.101 182.601 183.074 183.724 185.473 186.903 187.837 189.495 190.958
166.016 166.193 166.32 166.447 167.255 168.062 169.134 170.206 171.104 172.002 172.186 172.37 172.953 173.537 173.832 174.127 174.75 175.373 175.643 175.912 176.742 177.572 177.806 178.039 177.653 177.267 176.82 176.373 176.491 176.608 177.147 177.686 177.637 177.588 177.659 177.73 177.308 176.885 176.621 176.357 176.575 176.793 176.742 176.69 175.636 174.582 174.571 174.561 174.863 175.166 177.019 178.872 178.952 179.032 179.905 180.779 180.851 180.923 182.562 184.2 184.366 184.531 186.306 188.08 189.267 190.453 191.943
166.83 167.121 167.329 167.255 167.892 168.068 168.767 169.984 170.868 171.724 172.233 172.752 173.791 174.178 174.847 175.076 176.158 176.302 177.194 177.175 177.89 178.608 178.622 178.612 178.215 177.995 177.522 177.318 177.391 177.205 177.192 177.722 177.974 177.649 177.837 177.697 177.461 177.252 176.93 176.534 176.318 176.299 175.993 175.794 174.909 174.287 174.581 174.948 175.347 175.923 176.824 178.449 178.773 179.2 179.95 180.921 181.608 181.841 183.074 184.326 184.57 185.339 186.822 188.669 190.369 191.411 193.065
168.043 168.049 168.055 168.062 168.068 168.075 168.918 169.761 170.604 171.447 172.29 173.133 173.976 174.819 175.422 176.025 176.629 177.232 177.835 178.438 179.041 179.645 179.414 179.184 178.954 178.724 178.494 178.264 178.033 177.803 177.78 177.757 177.734 177.711 177.687 177.664 177.641 177.618 177.165 176.711 176.258 175.805 175.351 174.898 174.445 173.991 174.664 175.336 176.008 176.68 177.353 178.025 178.697 179.369 180.216 181.064 181.911 182.758 183.605 184.452 185.299 186.147 187.702 189.258 190.814 192.37 193.926
168.222 168.296 167.842 168.386 168.538 168.918 169.628 170.33 171.106 171.712 172.34 173.588 174.366 175.46 175.924 176.563 177.472 177.766 178.144 178.996 179.06 179.847 179.822 179.322 178.791 179.096 179.131 178.82 178.718 178.401 177.942 177.952 178.206 177.692 177.63 177.965 177.783 177.554 176.865 175.958 175.673 175.373 175.168 175.18 174.417 173.696 174.995 175.713 176.598 176.86 177.819 178.607 179.372 179.713 180.739 181.367 182.368 183.061 184.138 184.631 185.605 186.954 188.41 189.443 191.099 193.062 194.734
168.461 168.543 168.627 168.71 169.235 169.761 170.33 170.898 171.438 171.977 173.01 174.043 175.072 176.102 176.601 177.1 177.7 178.299 178.927 179.554 179.802 180.05 179.755 179.461 179.464 179.468 179.422 179.376 179.187 178.999 178.573 178.148 177.91 177.673 177.969 178.265 177.878 177.49 176.348 175.205 175.074 174.942 175.202 175.461 174.431 173.401 174.746 176.09 176.566 177.041 178.115 179.19 179.623 180.056 180.864 181.671 182.518 183.365 184.087 184.81 186.286 187.762 188.694 189.627 191.691 193.755 195.817
168.692 168.791 169.442 169.476 170.021 170.604 171.186 171.438 172.098 172.241 173.352 174.494 175.644 176.743 177.743 177.738 178.361 178.833 179.16 179.733 180.406 180.253 180.67 179.897 180.164 179.839 179.876 179.789 179.815 179.596 179.019 178.531 177.732 177.654 177.681 177.882 177.711 177.426 176.145 175.463 174.851 174.511 174.159 174.453 174.031 173.106 174.907 175.598 176.35 177.221 178.54 179.131 180.103 180.4 181.445 182.014 182.787 183.668 185.089 185.742 187.068 188.569 189.778 190.943 192.655 194.448 196.304
168.992 169.038 169.64 170.242 170.845 171.447 171.712 171.977 172.241 172.506 173.726 174.945 176.165 177.384 177.88 178.376 178.871 179.367 179.639 179.911 180.184 180.456 180.395 180.333 180.272 180.211 180.207 180.203 180.198 180.194 179.554 178.914 178.275 177.635 177.567 177.499 177.431 177.363 176.542 175.721 174.901 174.08 173.762 173.445 173.128 172.81 173.958 175.106 176.253 177.401 178.237 179.072 179.908 180.744 181.551 182.357 183.164 183.971 185.323 186.674 188.025 189.377 190.818 192.259 193.7 195.141 196.765
169.708 169.842 170.422 171.009 171.908 172.29 172.878 173.183 173.304 173.726 174.801 176.128 177.145 178.025 177.879 178.059 178.618 179.677 179.797 180.17 180.079 180.659 180.355 180.061 180.683 180.64 180.433 180.627 181.155 180.792 179.957 179.588 179.401 178.188 177.502 177.373 177.43 177.299 176.262 175.462 174.66 174.152 173.67 173.38 173.393 172.515 173.684 174.221 175.783 177.269 178.039 179.211 179.87 181.087 182.521 183.047 184.044 184.819 186.273 187.251 188.435 190.184 192.154 193.641 194.578 196.017 197.324
170.002 170.646 171.21 171.775 172.454 173.133 173.761 174.389 174.667 174.945 176.128 177.312 177.989 178.667 178.204 177.742 178.865 179.988 180.208 180.429 180.645 180.861 180.325 179.789 180.429 181.069 181.06 181.051 181.22 181.39 180.825 180.261 179.501 178.74 177.994 177.248 177.241 177.235 176.218 175.202 174.713 174.224 173.77 173.315 172.767 172.22 172.779 173.337 175.237 177.137 178.244 179.35 180.39 181.431 182.584 183.737 184.702 185.667 186.748 187.828 189.41 190.992 193.008 195.024 195.958 196.893 198.008
171.182 171.45 172.484 172.656 173.5 173.976 174.123 175.245 175.788 176.165 176.796 177.989 178.631 179.308 179.339 179.01 178.925 180.298 180.325 180.683 181.049 181.064 180.653 180.693 180.594 181.497 181.569 181.653 181.544 181.987 180.826 180.738 180.34 179.293 178.687 177.862 178.199 177.171 176.182 175.47 174.566 174.296 173.893 173.157 172.25 171.924 172.278 173.794 175.339 177.006 177.816 179.423 180.241 181.775 182.928 184.239 185.478 186.515 187.295 188.907 190.329 191.8 193.374 195.325 196.208 197.769 199.048
171.613 172.254 172.895 173.537 174.178 174.819 175.46 176.102 176.743 177.384 178.025 178.667 179.308 179.949 180.114 180.279 180.443 180.608 180.773 180.938 181.102 181.267 181.432 181.597 181.761 181.926 182.091 182.256 182.42 182.585 181.9 181.216 180.531 179.846 179.161 178.477 177.792 177.107 176.422 175.738 175.053 174.368 173.683 172.999 172.314 171.629 172.94 174.251 175.563 176.874 178.185 179.496 180.807 182.118 183.429 184.74 186.052 187.363 188.674 189.985 191.296 192.607 194.117 195.626 197.135 198.645 200.154
171.544 172.488 172.919 173.802 174.097 175.115 175.4 176.399 177.534 177.688 178.018 178.787 179.646 180.114 180.525 180.789 181.146 181.297 181.719 181.953 181.588 181.558 182.203 182.56 182.148 182.165 182.535 182.528 182.573 183.183 182.49 182.319 182.146 181.095 180.397 179.337 178.884 178.584 178.19 177.147 176.365 175.199 175.128 174.719 174.462 173.33 174.464 175.786 176.679 177.79 178.826 179.581 181.519 182.64 184.525 185.736 187.156 188.365 190.061 190.693 192.174 193.415 194.298 196.286 197.963 199.315 200.623
172.299 172.723 173.395 174.068 174.74 175.412 176.054 176.696 177.344 177.991 178.449 178.907 179.593 180.279 180.789 181.3 181.643 181.985 182.477 182.969 182.409 181.85 182.686 183.523 182.963 182.404 182.602 182.8 183.29 183.781 183.601 183.422 182.883 182.344 181.27 180.196 180.129 180.061 179.309 178.557 177.294 176.031 176.235 176.439 175.735 175.03 176.175 177.32 178.013 178.707 179.187 179.666 181.414 183.161 184.947 186.732 188.05 189.367 190.384 191.401 192.812 194.222 195.584 196.945 198.466 199.986 201.622
172.382 172.957 174.047 174.333 174.855 175.708 176.744 176.998 177.913 178.295 178.785 179.255 180.341 180.443 181.071 181.643 181.737 182.673 183.129 182.933 182.6 182.141 182.567 183.09 182.563 182.643 183.382 183.364 183.603 184.378 184.506 184.165 183.895 183.593 182.823 182.062 181.663 181.538 180.245 179.456 178.177 176.862 176.983 177.251 176.757 176.731 177.712 178.403 178.59 179.623 180.251 181.019 182.352 183.683 185.099 187.26 188.287 190.369 190.888 192.503 193.975 195.03 196.586 197.764 199.391 200.657 202.109
172.524 173.191 173.894 174.597 175.301 176.004 176.653 177.301 177.95 178.598 179.101 179.603 180.106 180.608 181.297 181.985 182.673 183.362 183.13 182.897 182.665 182.432 182.545 182.657 182.77 182.882 183.405 183.929 184.452 184.976 184.942 184.909 184.875 184.842 184.385 183.928 183.472 183.015 181.685 180.354 179.024 177.693 177.878 178.062 178.247 178.432 178.959 179.486 180.013 180.54 181.456 182.372 183.288 184.204 185.996 187.787 189.579 191.371 192.487 193.604 194.721 195.838 197.21 198.582 199.955 201.327 202.559
172.746 173.461 173.964 174.176 174.762 176.3 176.835 177.472 177.714 178.756 179.733 180.003 180.611 180.773 181.627 182.132 182.341 183.13 183.081 183.129 182.465 182.724 182.715 182.815 182.746 183.532 183.684 184.255 184.695 185.574 185.47 185.916 186.242 185.667 184.684 184.538 185.153 184.492 182.953 181.939 181.01 180.039 180.036 179.503 180.256 180.132 180.712 181.103 181.328 181.845 182.332 183.655 184.122 184.725 186.048 188.135 190.25 191.698 193.398 194.442 195.942 196.645 198.288 200.022 200.919 201.857 203.076
172.524 173.732 173.743 173.755 175.176 176.596 177.119 177.642 178.278 178.913 179.658 180.404 180.671 180.938 181.609 182.28 182.588 182.897 183.129 183.362 183.188 183.015 182.993 182.972 183.577 184.182 184.382 184.582 185.376 186.171 186.547 186.923 186.708 186.493 185.82 185.147 185.558 185.969 184.746 183.523 182.954 182.386 181.665 180.944 181.389 181.833 182.276 182.72 182.935 183.151 184.045 184.938 185.093 185.247 186.865 188.483 190.254 192.025 193.653 195.281 196.367 197.453 199.458 201.462 201.925 202.387 203.467
172.802 174.002 174.892 174.743 175.837 176.893 177.708 177.925 178.09 179.071 180.137 180.326 180.562 181.102 181.87 182.065 182.133 182.665 183.062 183.188 183.145 183.306 183.099 183.756 184.521 184.832 185.116 185.503 186.253 186.769 187.052 187.34 187.425 187.319 187.246 186.841 186.906 187.446 186.91 185.762 185.63 184.732 184.245 183.55 183.432 183.533 184.183 184.109 184.313 184.456 185.139 185.482 185.655 185.768 187.828 188.984 190.775 192.352 193.608 195.577 196.874 198.26 200.025 201.36 202.054 202.917 203.674
173.543 174.272 175.001 175.73 176.46 177.189 177.699 178.208 178.718 179.228 179.738 180.247 180.757 181.267 181.558 181.85 182.141 182.432 182.724 183.015 183.306 183.598 184.069 184.54 185.011 185.482 185.953 186.425 186.896 187.367 187.561 187.756 187.951 188.145 188.34 188.534 188.729 188.923 188.462 188.001 187.54 187.079 186.617 186.156 185.695 185.234 185.366 185.498 185.63 185.762 185.894 186.026 186.158 186.29 187.887 189.484 191.082 192.679 194.276 195.873 197.471 199.068 200.163 201.257 202.352 203.447 204.542
174.15 175.259 175.874 176.807 177.16 177.266 178.242 178.937 179.527 179.312 180.216 180.639 180.672 181.432 181.344 182.279 182.39 182.115 182.489 182.828 182.987 184.069 185.069 185.522 185.445 185.838 187.212 187.225 187.577 187.965 188.296 188.545 188.672 188.96 188.867 189.031 189.17 189.745 189.413 189.185 189.202 188.62 188.316 187.882 187.328 186.935 187.304 187.339 186.859 187.266 187.865 187.798 187.916 188.277 189.571 191.207 192.449 194.098 195.669 197.137 198.576 199.876 201.325 202.607 203.57 204.677 205.432
