p5_lighting/grds/hillside.dem.grd
ncols 257
nrows 257
xllcorner 0
yllcorner 0
cellsize 1
[rows 30 to 59 of 257, columns 0 to 66 of 257]
30 31.5006 33.0012 34.5865 36.1718 38.1474 40.1231 41.0072 41.8913 42.9007 43.91 45.8272 47.7444 49.5841 51.4237 53.0843 54.7449 56.5924 58.4398 58.6814 58.923 60.419 61.915 63.3499 64.7848 66.1997 67.6146 69.5909 71.5672 73.156 74.7447 76.5729 78.4012 79.8376 81.274 81.35 81.426 82.7789 84.1318 85.7382 87.3445 88.2411 89.1376 90.1399 91.1421 92.4321 93.722 94.616 95.5099 95.8759 96.2419 97.98 99.7182 100.545 101.372 102.38 103.389 104.848 106.308 106.944 107.581 108.479 109.378 110.679 111.98 113.029 114.077
31 32.6547 34.0473 35.5317 37.1793 39.0578 40.7017 42.1356 43.1325 44.1053 45.6886 46.7926 49.1524 51.0323 52.5388 54.3141 55.7461 57.5534 59.1403 60.0538 60.9286 62.1044 63.9713 65.3186 66.9529 68.6301 69.9145 71.3122 73.4375 74.704 76.5729 78.4502 79.9479 81.507 82.4369 83.4655 83.5655 84.9287 85.9711 87.503 88.63 89.8919 90.5792 92.0788 92.6341 93.861 94.9767 96.2358 96.9232 97.7988 98.3418 99.8435 101.133 102.442 103.012 104.273 105.073 106.545 107.585 108.584 109.274 110.376 111.225 112.192 113.579 114.555 116.511
32 33.5467 35.0934 36.6401 38.1868 39.7335 41.2802 42.8269 44.3736 45.9203 47.4671 49.0138 50.5605 52.1072 53.6539 55.2006 56.7473 58.294 59.8407 61.3874 62.9341 64.4808 66.0275 67.5742 69.1209 70.6676 72.2144 73.7611 75.3078 76.8545 78.4012 79.9479 81.4946 82.5472 83.5998 84.6525 85.7051 86.7577 87.8103 88.8629 89.9156 90.9682 92.0208 93.0734 94.126 95.1787 96.2313 97.2839 98.3365 99.3892 100.442 101.494 102.547 103.6 104.652 105.705 106.758 107.81 108.863 109.915 110.968 112.021 113.073 114.126 115.178 117.062 118.945
33 33.9571 35.4938 36.7804 38.2428 39.7794 41.955 43.6608 45.1066 46.9297 48.0309 48.9583 50.61 52.9555 54.0777 55.2084 57.4107 58.4991 60.3269 61.3445 63.0588 64.5773 65.8038 67.9917 69.5197 70.5719 71.7808 73.678 75.626 77.1378 78.7202 80.8645 82.5472 83.6732 84.2885 85.6624 86.3443 87.332 88.7009 90.3333 91.6996 92.5932 93.9178 94.6416 95.9509 96.7431 97.4677 98.3792 99.0775 100.419 101.825 103.126 103.812 105.101 106.09 107.074 108.518 109.557 110.494 111.82 112.885 113.806 114.966 115.539 116.778 118.527 120.153
34 34.9471 35.8941 37.0965 38.2988 40.4643 42.6297 44.2347 45.8396 47.2172 48.5948 49.6272 50.6596 52.5805 54.5014 56.2878 58.0741 59.4436 60.8131 61.9982 63.1834 64.3818 65.5802 67.7493 69.9184 70.6329 71.3473 73.6458 75.9442 77.4917 79.0392 81.3195 83.5998 84.2885 84.9771 85.9803 86.9835 88.2875 89.5916 91.5376 93.4837 94.6492 95.8147 96.7952 97.7757 98.2399 98.7041 99.2613 99.8184 101.513 103.208 104.142 105.076 106.302 107.528 108.904 110.279 111.202 112.125 113.464 114.803 115.831 116.859 117.618 118.377 119.869 121.36
35 35.4416 36.5498 37.3145 38.3548 40.7467 42.744 44.5758 46.5726 47.5607 48.8135 50.1878 50.7092 52.7019 54.7906 56.6386 58.7375 59.9655 61.1149 62.0347 63.3081 65.1374 66.3272 68.2175 70.3172 71.0996 72.4978 74.0849 76.2624 78.5774 80.091 81.9894 84.6525 85.377 85.9803 86.5747 87.6227 89.2874 91.1242 92.8488 95.2678 96.2573 97.5267 98.8765 99.6005 99.9873 100.033 100.344 100.559 102.179 103.831 105.467 106.341 107.366 109.116 110.687 112.04 113.274 114.172 115.582 116.72 117.399 118.483 118.953 119.976 121.786 122.579
36 36.6027 37.2054 37.8081 38.4108 40.6345 42.8582 45.0819 47.3055 48.1688 49.0321 49.8954 50.7587 52.9193 55.0798 57.2403 59.4009 60.4088 61.4168 62.4247 63.4327 65.2535 67.0743 68.8951 70.7159 72.1821 73.6483 75.1144 76.5806 78.8617 81.1428 83.424 85.7051 86.3443 86.9835 87.6227 88.2619 90.4594 92.6569 94.8544 97.0519 98.1452 99.2386 100.332 101.425 101.394 101.363 101.332 101.3 102.877 104.453 106.03 107.606 109.155 110.703 112.252 113.8 115.01 116.219 117.429 118.638 119.372 120.107 120.841 121.576 122.686 123.797
37 38.0653 39.045 39.3823 40.0878 42.3021 44.1585 46.3089 48.0385 50.1263 50.5802 51.6118 52.1055 54.3247 56.0398 57.8117 60.0643 61.4151 62.7152 63.5555 64.3702 65.8634 67.611 68.9571 71.1147 73.3177 74.9128 76.397 77.7138 80.1562 82.0527 84.5585 86.7577 87.3048 88.5035 89.6011 90.4594 92.0731 94.151 96.5723 98.836 98.9074 100.416 101.21 102.126 102.406 102.417 102.365 102.041 103.821 105.826 107.455 108.843 110.514 112.396 113.755 115.561 116.485 117.956 118.67 120.08 121.484 122.213 122.872 123.175 124.226 125.185
38 39.4423 40.8846 41.3247 41.7648 43.6118 45.4589 47.1152 48.7715 50.4499 52.1283 52.7903 53.4523 55.226 56.9997 58.8637 60.7276 62.3707 64.0137 64.6607 65.3077 66.7276 68.1476 69.8305 71.5134 73.8454 76.1773 77.5121 78.8469 80.9048 82.9626 85.3865 87.8103 88.9169 90.0236 91.3402 92.6569 94.151 95.6451 98.1326 100.62 101.107 101.593 102.21 102.826 103.148 103.471 103.127 102.782 104.99 107.198 108.639 110.08 112.085 114.089 115.706 117.322 118.507 119.693 120.608 121.523 122.921 124.319 124.547 124.774 125.674 126.573
39 40.4594 41.722 42.4946 43.4417 44.9559 46.5685 47.9743 49.5045 51.1644 52.66 53.6246 54.7991 56.2119 58.05 59.987 61.391 62.9808 64.3161 65.3204 66.2452 67.7702 68.9472 70.3648 71.9121 74.1592 76.4447 78.6988 79.9801 82.7971 84.2385 86.8004 88.8629 90.767 91.7536 93.4514 94.8544 96.4843 98.1326 99.8169 102.404 102.756 102.9 103.458 103.526 103.327 103.858 103.429 103.523 105.609 107.803 109.505 111.317 113.522 115.394 117.666 119.082 120.004 121.159 121.884 122.966 123.758 125.255 126.144 126.374 127.633 127.962
40 41.2797 42.5594 43.839 45.1187 46.3984 47.6781 48.9578 50.2374 51.7146 53.1917 54.6688 56.1459 57.6231 59.1002 60.5773 62.0544 63.3365 64.6185 65.9006 67.1827 68.4647 69.7468 71.0288 72.3109 74.5115 76.7121 78.9126 81.1132 83.3138 85.5144 87.715 89.9156 91.6996 93.4837 95.2678 97.0519 98.836 100.62 102.404 104.188 104.198 104.207 104.217 104.226 104.236 104.245 104.255 104.264 106.337 108.409 110.481 112.554 114.626 116.698 118.771 120.843 121.734 122.626 123.517 124.408 125.299 126.191 127.082 127.973 128.662 129.35
41 42.5338 43.163 44.5132 45.9868 47.2848 48.1878 49.8202 51.1679 52.2867 54.1808 55.7565 56.9871 58.1408 60.1187 61.5719 62.7178 64.2714 65.4986 66.9889 67.8585 69.3 71.1626 72.7378 73.6282 75.9922 78.157 79.9161 82.7041 85.2357 87.5473 89.5284 90.9682 92.7661 94.8982 96.5452 97.8532 98.8427 100.482 102.538 104.198 104.332 104.134 104.488 104.389 104.173 104.673 104.78 105.005 106.814 108.304 110.258 112.012 115.312 117.494 119.188 121.423 122.487 123.58 124.419 125.365 126.758 128.312 128.904 129.572 130.453 131.114
42 42.8833 43.7666 45.3108 46.8549 47.7763 48.6976 50.3979 52.0983 53.6341 55.1699 56.499 57.8282 59.4827 61.1372 62.2592 63.3812 64.8799 66.3787 67.4565 68.5344 70.5564 72.5784 73.7619 74.9454 77.2737 79.6019 81.9485 84.2951 86.9377 89.5803 90.8005 92.0208 94.1668 96.3127 97.4836 98.6545 99.4995 100.344 102.276 104.207 104.134 104.061 104.306 104.551 104.826 105.101 105.424 105.746 106.972 108.199 109.835 111.471 114.88 118.289 120.146 122.002 123.269 124.535 125.428 126.322 128.378 130.434 130.803 131.172 132.025 132.878
43 43.9822 45.0311 46.0771 47.7231 48.9473 49.9864 51.3458 53.0287 54.5273 55.9523 57.3419 58.6693 60.3151 61.6232 63.0435 64.0446 65.3943 66.8378 68.1044 69.2102 71.2121 73.1557 74.6513 76.2627 78.2935 81.0652 83.2132 85.886 88.1329 90.1909 91.4766 93.0734 95.228 96.7522 98.2065 99.4559 100.027 101.293 102.673 104.217 104.774 104.306 104.443 104.714 105.338 105.577 105.957 106.487 107.502 108.503 110.054 110.93 114.582 117.532 120.377 122.582 123.78 125.117 126.502 127.278 129.077 130.869 131.656 132.771 133.161 133.921
44 45.1478 46.2956 47.4434 48.5912 49.9332 51.2751 52.6171 53.9591 55.3469 56.7348 58.1226 59.5104 60.8098 62.1092 63.4086 64.708 66.0025 67.297 68.5916 69.8861 71.8096 73.733 75.6565 77.58 80.0542 82.5285 85.0027 87.4769 89.1392 90.8015 92.4638 94.126 95.6588 97.1916 98.7244 100.257 101.249 102.242 103.234 104.226 104.389 104.551 104.714 104.876 105.464 106.052 106.64 107.228 108.018 108.808 109.598 110.388 113.581 116.775 119.968 123.161 124.43 125.698 126.967 128.235 129.769 131.303 132.837 134.37 134.667 134.964
45 45.9447 47.4328 48.264 49.6535 50.6317 52.5786 53.416 54.8895 56.3956 57.4853 58.5122 60.2631 61.2618 62.6104 63.9913 65.3714 66.9477 68.1482 69.3365 71.1909 73.0859 74.9832 76.8235 78.8972 81.2284 83.5134 85.7247 88.2559 89.7022 91.2039 93.8458 95.1787 96.7202 97.5811 98.9595 100.518 101.813 102.61 103.061 104.236 104.803 105.092 105.356 105.464 105.945 106.71 107.707 107.969 108.959 110.077 111.77 112.25 115.008 118.309 121.126 123.741 124.959 125.925 127.716 129.457 131.324 132.875 134.327 135.97 136.564 136.698
46 47.2851 48.5701 49.6429 50.7158 52.2989 53.882 54.851 55.82 57.0279 58.2358 59.6258 61.0158 62.0637 63.1116 64.5732 66.0348 67.5171 68.9993 70.7475 72.4957 74.3645 76.2334 78.224 80.2145 82.3565 84.4984 86.7666 89.0349 90.3206 91.6064 93.9189 96.2313 97.101 97.9706 99.3747 100.779 101.878 102.977 103.611 104.245 104.939 105.634 105.843 106.052 106.71 107.368 108.039 108.71 110.028 111.346 112.729 114.112 116.978 119.843 122.082 124.321 125.236 126.151 128.415 130.679 132.563 134.447 136.008 137.569 138 138.432
47 48.207 49.4952 50.608 51.7781 53.3687 54.5713 55.807 56.7504 58.5589 59.1684 60.7806 61.7685 63.2355 64.0265 65.4249 66.6982 68.5373 70.1164 71.8154 73.8005 76.0293 77.6053 79.2977 81.5318 84.0275 85.6097 87.7818 89.8138 91.4638 93.0355 95.3094 97.2839 98.0434 98.8945 100.254 101.04 101.444 102.88 103.73 104.255 105.135 105.69 106.26 106.64 107.505 108.039 108.967 109.451 111.47 112.68 114.294 115.974 118.39 120.751 122.664 124.9 126.429 127.726 130.236 131.902 133.747 135.696 137.887 139.168 139.662 140.037
48 49.2101 50.4202 51.6303 52.8404 54.0505 55.2606 56.4707 57.6808 58.8909 60.101 61.3111 62.5212 63.7313 64.9414 66.1515 67.3616 69.2975 71.2334 73.1694 75.1053 77.0413 78.9772 80.9131 82.8491 84.785 86.7209 88.6569 90.5928 92.5287 94.4647 96.4006 98.3365 99.0775 99.8184 100.559 101.3 102.041 102.782 103.523 104.264 105.005 105.746 106.487 107.228 107.969 108.71 109.451 110.192 112.103 114.014 115.925 117.836 119.747 121.658 123.569 125.48 127.391 129.302 131.213 133.124 135.035 136.946 138.857 140.768 141.205 141.641
49 50.1652 51.5383 52.9708 54.2304 55.4327 56.5341 57.4711 59.0161 60.5385 61.5534 62.8631 63.9125 64.9442 66.3895 67.2932 68.7508 70.6488 72.502 74.4835 75.7942 77.9284 79.9052 82.0224 83.7115 85.8167 88.0403 89.2667 91.5125 93.2522 95.4709 97.2637 99.3892 100.328 101.088 101.524 102.476 103.31 104.888 105.118 105.195 105.867 106.18 107.011 107.968 109.347 109.91 110.81 112.103 113.891 115.822 118.09 120.061 122.074 123.802 125.505 127.333 129.615 131.434 132.771 134.638 136.504 137.698 139.873 142.367 142.868 143.829
50 51.3282 52.6564 54.1384 55.6203 56.7139 57.8075 59.0795 60.3515 61.6787 63.0058 64.1548 65.3038 66.5707 67.8377 68.9888 70.14 71.9553 73.7706 75.1268 76.483 78.6582 80.8333 82.7036 84.5739 86.9668 89.3596 90.8959 92.4321 94.4546 96.4771 98.4595 100.442 101.4 102.358 103.004 103.651 105.322 106.994 106.56 106.125 106.37 106.614 107.661 108.707 109.908 111.109 112.562 114.014 115.822 117.631 119.958 122.286 124.116 125.946 127.566 129.186 131.376 133.566 134.859 136.153 137.302 138.451 141.209 143.966 144.992 146.017
51 53.0568 53.9283 54.9959 57.0103 58.1093 59.2594 60.3867 61.6868 62.8062 64.2801 65.5815 66.6952 67.6636 69.1701 70.2462 71.5293 72.9494 74.5801 75.7864 77.1718 78.9568 81.4565 83.2547 85.4363 87.6975 89.8224 92.0066 93.3518 95.6982 97.4432 99.7196 101.494 102.167 103.316 104.053 104.826 105.958 106.994 107.236 107.056 107.61 107.85 108.304 109.447 110.715 112.56 114.568 115.925 117.829 119.958 121.953 124.511 126.336 127.88 129.288 131.039 132.578 134.802 135.948 137.667 139.762 140.812 142.977 145.566 145.723 146.443
52 53.6001 55.2001 56.8002 58.4003 59.5557 60.7112 61.8667 63.0221 64.2882 65.5543 66.8204 68.0865 69.2945 70.5025 71.7105 72.9185 74.1541 75.3896 76.6252 77.8607 79.9702 82.0797 84.1892 86.2988 88.2919 90.2851 92.2783 94.2715 96.3404 98.4093 100.478 102.547 103.411 104.274 105.138 106.001 106.498 106.994 107.49 107.987 108.537 109.087 109.637 110.186 112.099 114.011 115.923 117.836 120.061 122.286 124.511 126.736 128.275 129.814 131.353 132.892 134.465 136.037 137.61 139.182 141.178 143.174 145.169 147.165 147.017 146.868
53 54.9214 56.5183 57.9326 59.3456 60.4717 61.3218 63.1044 64.3575 65.5882 67.7425 68.7235 69.4197 70.0024 71.0321 72.6436 74.3077 76.6367 77.496 78.0109 79.4235 80.992 83.0197 84.8917 87.1612 89.0973 90.5479 92.7903 95.2669 97.6605 99.3761 100.95 103.6 103.833 104.577 105.595 106.809 107.204 107.418 108.225 108.917 109.75 110.426 111.423 112.288 113.822 115.723 117.717 119.747 121.717 124.407 126.243 128.275 130.147 131.868 132.929 134.745 136.301 137.838 139.679 141.12 142.909 145.107 147.101 148.764 148.246 148.676
54 55.9182 57.8364 59.0637 60.291 61.1117 61.9324 63.8126 65.6928 67.8118 69.9308 70.3419 70.753 71.1574 71.5618 73.6294 75.697 77.6497 79.6023 80.2943 80.9863 82.473 83.9597 85.9917 88.0236 89.4171 90.8107 93.5365 96.2622 98.3025 100.343 102.498 104.652 104.766 104.88 106.249 107.617 107.73 107.843 108.845 109.848 110.807 111.766 113.078 114.39 115.913 117.435 119.547 121.658 124.093 126.529 128.171 129.814 131.868 133.921 135.26 136.598 138.119 139.639 141.348 143.058 145.049 147.04 148.702 150.364 150.424 150.484
55 56.4635 58.4636 59.5236 61.2364 62.2699 63.6025 65.5147 67.0281 68.4353 70.4111 71.1272 72.0862 72.9302 73.7546 75.3715 77.0862 78.7696 80.448 81.6508 82.5491 84.2099 85.445 87.1319 88.886 90.6387 92.4057 94.9411 97.2576 99.3267 101.424 103.471 105.705 106.16 106.438 107.372 108.425 108.442 109.157 110.098 110.779 112.022 113.459 115.244 116.492 117.986 119.736 121.648 123.569 125.862 127.857 129.502 131.353 133.534 135.26 136.887 138.452 140.194 141.629 142.979 144.996 147.117 148.644 150.11 151.963 152.545 152.421
56 57.5454 59.0909 60.6363 62.1817 63.7272 65.2726 66.818 68.3635 69.6275 70.8915 72.1555 73.4194 74.6834 75.9474 77.2114 78.4754 79.8845 81.2937 82.7028 84.1119 85.5211 86.9302 88.3393 89.7484 91.8746 94.0007 96.1268 98.253 100.379 102.505 104.631 106.758 107.376 107.995 108.614 109.233 109.852 110.471 111.09 111.709 113.431 115.152 116.873 118.594 120.316 122.037 123.758 125.48 127.333 129.186 131.039 132.892 134.745 136.598 138.452 140.305 141.962 143.619 145.276 146.934 148.591 150.248 151.905 153.562 153.96 154.357
57 58.8976 60.4049 62.1411 63.8096 64.9468 66.5339 67.781 69.4174 70.4791 71.6988 73.843 74.8482 75.9206 76.9818 78.4132 79.8646 81.702 83.4143 84.6487 85.926 87.067 88.8621 89.847 91.3279 93.2742 96.0376 97.1843 99.3512 101.538 103.537 105.766 107.81 108.777 109.25 110.2 110.379 111.609 111.71 112.56 113.742 115.411 117.3 118.415 120.173 121.761 123.633 125.628 127.391 129.445 131.403 133.388 135.198 137.167 138.573 140.373 141.962 143.842 145.356 147.294 149.059 150.556 152.459 154.249 155.162 155.914 156.368
58 59.8595 61.719 63.5782 65.4374 66.6163 67.7952 69.1332 70.4713 71.4887 72.5061 74.3916 76.277 77.1466 78.0162 79.635 81.2539 83.3944 85.5348 86.6375 87.7401 89.267 90.7939 91.8506 92.9073 95.4909 98.0745 99.262 100.449 102.509 104.569 106.716 108.863 109.684 110.505 111.015 111.525 112.237 112.949 114.362 115.775 117.612 119.448 120.6 121.751 123.49 125.23 127.266 129.302 131.461 133.62 135.562 137.504 139.026 140.548 142.084 143.619 145.356 147.092 149.138 151.184 152.927 154.671 155.716 156.761 157.57 158.378
59 60.8109 63.0328 65.0522 67.0653 67.8924 69.2156 69.8945 71.5252 72.8711 74.1815 76.1517 77.7058 78.4613 79.7998 80.7477 82.6431 84.4171 86.6176 88.2272 89.5541 90.9298 92.2556 93.4327 94.4867 96.247 98.7153 100.197 101.548 103.683 105.688 108.049 109.915 110.714 111.449 111.987 112.671 113.803 114.889 116.592 117.808 118.804 120.911 122.728 123.329 125.316 127.123 129.129 131.213 133.717 135.62 137.621 139.81 140.978 142.537 143.946 145.276 146.939 149.138 151.028 153.309 154.705 156.184 156.885 158.36 158.696 159.83
