p5_lighting/grds/my0.dem.grd
ncols 129
nrows 129
xllcorner 0
yllcorner 0
cellsize 2
[rows 87 to 115 of 129, columns 0 to 65 of 129]
0 0.0138873 0.0271456 0.223753 -1.0514 -1.34488 -1.08826 -3.05198 -5.60263 -4.72932 -2.16721 -1.19536 2.76942 3.79351 5.93297 5.96887 8.26176 11.8632 15.7758 19.7247 24.6202 28.1419 32.944 37.2271 41.0299 40.8578 40.7384 39.675 37.8631 37.3565 38.6927 37.6292 40.9442 41.4804 39.409 40.6999 38.9728 37.5986 36.2195 32.9398 32.7562 32.1127 33.7347 33.8549 29.6762 32.6626 31.4968 31.5493 30.1265 32.2536 35.5228 37.2 37.7718 36.1773 37.9147 37.7231 39.0757 37.3357 36.8752 31.3494 29.1116 25.4929 23.2016 18.8813 17.9126 15.3351
0 -0.752712 -1.50542 -2.25814 -3.01085 -3.76356 -4.51627 -5.26899 -6.0217 -3.99341 -1.96512 0.0631737 2.09146 4.11976 6.14805 8.17634 10.2046 14.5458 18.887 23.2282 27.5694 31.9106 36.2518 40.593 44.9342 44.582 44.2298 43.8776 43.5254 43.1732 42.8209 42.4687 42.1165 40.9883 39.86 38.7317 37.6035 36.4752 35.3469 34.2187 33.0904 32.7562 32.4219 32.0877 31.7535 31.4193 31.0851 30.7508 30.4166 31.7587 33.1008 34.4429 35.7849 37.127 38.4691 39.8112 41.1533 38.1936 35.2339 32.2742 29.3145 26.3548 23.3951 20.4354 17.4757 16.2363
0 -0.656252 0.17285 -1.52524 -2.65889 -2.29635 -2.36604 -4.62777 -3.65976 -0.174959 -0.728508 2.39657 5.71981 8.1031 6.89271 8.34755 12.1475 19.6263 23.4788 25.9481 30.3786 34.4279 38.6723 42.4175 44.1451 44.0923 41.9925 43.5718 43.077 44.1808 45.4999 46.1854 43.2889 43.5891 42.4198 39.0612 37.7415 40.8374 39.6551 38.2373 34.2187 34.7895 34.8786 33.9727 35.9484 34.7026 33.6471 33.5889 30.7068 32.6889 34.5513 32.1204 33.9431 34.3874 32.4895 36.0955 38.929 35.875 33.2213 30.6093 25.1859 24.736 21.1209 19.3606 17.0388 15.6832
0 0.925563 1.85113 -0.227898 -2.30692 -1.26136 -0.215806 -0.756815 -1.29782 -0.394861 0.508102 4.92813 9.34816 8.49276 7.63736 10.8639 14.0904 21.0805 28.0706 30.6292 33.1878 37.1402 41.0927 42.2244 43.356 41.5557 39.7553 41.192 42.6287 45.4038 48.1789 46.3201 44.4612 44.7204 44.9795 41.4296 37.8796 40.9215 43.9633 39.6551 35.3469 36.3411 37.3352 38.7393 40.1433 38.1763 36.2092 33.6031 30.9969 33.4994 36.0019 34.0516 32.1014 29.3056 26.5098 31.6073 36.7048 33.9567 31.2087 26.133 21.0573 19.952 18.8467 17.7243 16.6019 14.9874
0 0.861966 0.524815 -1.73843 -1.95496 1.57971 0.347862 0.584705 1.06411 1.16506 5.26178 8.93188 12.9765 13.4015 12.4639 13.2075 16.0332 21.1136 28.2308 32.0349 35.9969 38.7247 40.6923 41.8204 42.5669 43.7271 40.7551 44.1041 42.1803 44.0335 46.2239 45.6105 45.6335 44.9586 43.7302 41.3866 38.0177 41.8576 40.9215 39.3734 36.4752 40.8545 40.2018 41.3227 44.3383 42.1662 38.1322 34.2598 31.2871 32.0985 32.9997 30.9917 30.2596 28.8694 28.4234 32.8428 34.4805 31.934 26.8684 21.0315 16.9286 18.0238 16.5554 15.1854 16.1651 14.9263
0 -0.400748 -0.801496 -1.20224 -1.60299 -0.345732 0.911529 2.16879 3.42605 6.72075 10.0155 13.3102 16.6049 16.9477 17.2905 17.6333 17.9761 23.1836 28.3911 33.5986 38.8061 39.549 40.292 41.0349 41.7778 41.7663 41.7549 41.7434 41.732 43.0004 44.2689 45.5374 46.8059 44.6433 42.4808 40.3183 38.1557 38.0177 37.8796 37.7415 37.6035 40.3359 43.0683 45.8007 48.5332 44.2942 40.0552 35.8162 31.5773 30.7874 29.9975 29.2076 28.4178 29.3774 30.337 31.2966 32.2562 27.3922 22.5281 17.6641 12.8 13.5321 14.2641 14.9961 15.7282 15.0305
0 3.27285 3.55801 0.939581 0.406981 0.35775 0.308788 2.97555 5.78799 8.51602 9.81308 13.2685 17.2813 17.5312 16.4659 20.5036 19.919 23.1998 29.022 35.0494 37.1507 37.1974 38.31 39.7279 40.9887 40.6638 42.1802 42.8824 42.5635 45.2953 46.5918 44.7347 47.9782 44.6894 45.3564 43.0997 40.3183 39.6197 40.6709 39.4405 38.7317 41.0286 42.2265 43.142 45.7567 38.1332 35.632 32.3992 31.8674 30.3592 32.3576 29.5951 28.3255 31.7125 29.7663 28.4882 30.032 26.1604 22.4421 16.82 14.2675 16.5993 17.5414 17.6658 15.2913 15.2152
0 3.95876 7.91752 5.16724 2.41695 1.0615 -0.293953 3.92799 8.14992 8.88031 9.6107 13.7842 17.9578 16.7995 15.6413 18.7516 21.8619 25.7574 29.6529 32.5741 35.4953 35.9117 36.328 38.2638 40.1996 41.4025 42.6055 43.0003 43.3951 46.1549 48.9146 49.0326 49.1505 48.6913 48.232 45.3564 42.4808 42.9715 43.4622 41.6611 39.86 40.6223 41.3847 42.1824 42.9802 37.0945 31.2087 31.6831 32.1576 33.4376 34.7176 31.4754 28.2332 28.7144 29.1957 28.5017 27.8077 25.0819 22.356 19.0455 15.735 18.2768 20.8187 17.8365 14.8544 10.466
0 5.04524 5.56799 4.51953 4.42693 6.6817 4.6807 7.45568 10.5119 11.5934 12.8515 16.8329 18.6342 21.7569 19.0852 21.8117 23.8047 27.2484 29.3095 31.663 33.8399 34.6796 35.8655 36.617 39.4105 40.7941 42.2226 46.5458 44.2267 45.6006 48.5957 51.2565 50.3229 48.5009 48.6913 47.6497 44.6433 43.6898 43.9617 45.0068 40.9883 39.3503 40.5783 41.2003 40.2037 38.125 33.1456 31.7231 32.4477 31.3138 32.5554 29.6255 28.1409 26.49 27.4498 26.5448 25.5835 25.8794 21.6853 18.0373 17.2024 16.4191 18.572 15.015 14.4175 9.58553
0 1.60922 3.21845 4.82767 6.4369 8.04612 9.65535 11.2646 12.8738 14.483 16.0922 17.7015 19.3107 20.9199 22.5291 24.1384 25.7476 27.3568 28.966 30.5753 32.1845 33.7937 35.4029 37.0122 38.6214 40.2306 41.8398 43.4491 45.0583 46.6675 48.2767 49.886 51.4952 50.3229 49.1505 47.9782 46.8059 45.6335 44.4612 43.2889 42.1165 40.9442 39.7719 38.5995 37.4272 36.2549 35.0826 33.9102 32.7379 31.5656 30.3932 29.2209 28.0486 26.8762 25.7039 24.5316 23.3592 22.1869 21.0146 19.8422 18.6699 17.4976 16.3253 15.1529 13.9806 10.6608
0 -0.886571 0.318142 4.62972 6.4183 8.60744 7.98915 8.68665 9.89889 7.8581 13.5613 13.9596 15.4365 17.2613 18.5413 23.4027 23.5309 20.8116 21.2846 26.1741 28.9582 30.423 32.2759 35.5946 34.9321 36.8458 40.9917 43.7822 43.4044 42.0816 44.7556 48.6456 49.886 51.3847 49.8303 47.383 45.7723 44.6849 44.7271 44.1079 40.97 37.6587 35.2887 32.3245 31.0439 31.0444 32.8099 30.0376 28.508 27.517 27.455 26.3063 24.6646 25.3854 23.8432 22.3672 22.74 21.8455 19.619 19.2827 18.7366 17.6635 16.1356 15.381 13.5437 11.8882
0 -1.29108 -2.58217 1.90877 6.3997 6.36132 6.32295 6.62346 6.92398 8.97717 11.0304 11.2964 11.5624 13.0579 14.5534 17.9338 21.3143 17.4587 13.6032 19.6676 25.7319 27.4404 29.1488 30.1958 31.2427 35.6932 40.1436 40.9471 41.7506 41.4926 41.2346 44.7556 48.2767 49.3934 50.5101 47.6244 44.7387 44.8658 44.993 42.4083 39.8235 35.3146 30.8056 27.7331 24.6605 27.5989 30.5372 27.4077 24.2781 24.3974 24.5167 22.8987 21.2807 21.6316 21.9825 22.0516 22.1208 20.1721 18.2235 18.5134 18.8033 17.3746 15.946 14.5264 13.1068 13.3587
0 1.28534 0.299542 0.736474 6.3811 4.21496 4.99564 5.82856 3.94907 6.85479 6.71225 5.95956 7.68826 10.1595 12.4505 16.8815 19.0976 17.5668 15.8417 17.7446 22.5056 24.3725 25.3603 28.0535 27.5534 32.7477 35.6486 36.2605 40.0967 40.7188 41.4926 43.6355 46.6675 44.6188 47.1875 44.4934 43.7051 41.6465 42.547 41.3389 38.6771 33.7845 27.7589 24.8902 18.2772 21.442 22.1967 20.6553 20.0482 20.0335 19.8411 17.1726 17.8967 20.1498 19.84 22.777 21.5016 19.9246 19.0665 17.841 18.8699 16.7249 15.7654 16.7706 12.6699 13.3486
0 1.59062 3.18125 4.77187 6.3625 5.01541 3.66833 2.32124 0.97416 1.68415 2.39413 3.10412 3.81411 7.08081 10.3475 13.6142 16.8809 17.4805 18.0801 18.6798 19.2794 20.4255 21.5717 22.7179 23.8641 27.5088 31.1535 34.7981 38.4428 40.0967 41.7506 43.4044 45.0583 44.4616 43.8649 43.2682 42.6715 41.3863 40.101 38.8158 37.5306 31.1214 24.7122 18.303 11.8939 12.875 13.8561 14.8372 15.8184 15.492 15.1656 14.8392 14.5128 16.1052 17.6976 19.29 20.8824 20.3959 19.9095 19.423 18.9366 17.2607 15.5848 13.9089 12.233 9.7549
0 -0.898189 0.553587 3.50085 3.40619 -0.320815 -0.203791 0.532338 -2.00075 -0.681349 -0.505858 0.980169 2.49668 4.34404 8.10265 12.3698 14.6643 14.3675 14.6098 16.4914 16.5997 15.719 14.3665 20.5193 20.1748 24.47 28.514 32.1772 34.7981 40.6053 40.4717 40.969 43.4491 38.8907 36.7211 40.7118 40.9494 39.9823 40.6275 38.3728 36.3841 30.0027 23.7951 19.4148 12.9008 12.4126 13.1657 13.5842 11.5885 10.3779 12.6997 13.3836 13.0476 12.3884 14.6258 19.1135 20.2631 19.9941 19.7195 19.6148 17.8138 16.3615 16.1427 12.5576 11.7961 14.0754
0 -1.03704 -2.07408 -0.812098 0.44988 -1.81302 -4.07591 -4.52578 -4.97566 -4.19075 -3.40585 -1.1133 1.17925 3.51851 5.85777 9.15268 12.4476 11.7935 11.1395 12.5297 13.9199 10.5406 7.16128 11.8234 16.4855 21.18 25.8746 28.514 31.1535 35.1732 39.1929 40.5164 41.8398 35.7085 29.5772 34.4022 39.2272 40.1906 41.154 38.1958 35.2376 29.0578 22.8781 18.3929 13.9078 13.1915 12.4753 9.91693 7.3586 8.7962 10.2338 10.9081 11.5825 11.5683 11.5541 15.599 19.6439 19.5867 19.5295 18.1103 16.691 16.6958 16.7005 14.0299 11.3592 11.4415
0 -3.05265 -2.40272 -1.80651 -2.50643 -3.84652 -6.13501 -6.61303 -7.95057 -6.17098 -4.7982 -1.42661 -0.138183 1.12903 4.56855 7.86035 10.2309 9.65132 9.71343 10.7297 11.2402 8.5044 7.99748 12.6535 12.7961 17.2161 21.18 23.7874 27.5088 32.9206 35.2178 37.948 40.2306 36.6432 33.3897 36.9578 37.5051 38.4509 37.7589 34.7584 34.0911 26.5727 23.6556 20.126 14.9148 13.7704 9.94277 6.96346 3.12872 3.25089 7.00464 10.2332 10.1173 13.3988 12.5414 16.1364 19.0247 19.2396 17.9775 18.7253 15.5682 16.9551 14.583 13.3684 10.9223 12.9639
0 -1.36568 -2.73137 -4.09705 -5.46274 -6.82842 -8.19411 -9.55979 -10.9255 -8.55801 -6.19055 -3.82308 -1.45561 0.911853 3.27932 5.64679 8.01425 8.15082 8.28739 8.42397 8.56054 8.69711 8.83368 8.97025 9.10682 12.7961 16.4855 20.1748 23.8641 27.5534 31.2427 34.9321 38.6214 37.9118 37.2022 36.4926 35.783 35.0734 34.3638 33.6542 32.9446 28.6889 24.4331 20.1774 15.9217 11.666 7.41028 3.15456 -1.10116 1.33717 3.7755 6.21383 8.65215 11.0905 13.5288 15.9671 18.4055 17.4155 16.4255 15.4355 14.4455 13.4554 12.4654 11.4754 10.4854 10.8694
0 1.91461 -2.15509 -4.7244 -8.02482 -7.68295 -7.91146 -8.92794 -10.1672 -10.357 -6.58105 -4.09515 -1.83236 -2.7463 0.806935 3.29858 5.79758 6.80197 4.87572 4.18633 5.67955 5.27001 6.73021 10.2025 8.97025 11.5428 18.4785 19.8079 23.9142 27.4671 30.7666 34.4696 37.0122 33.0374 33.4872 34.5187 32.5078 32.5558 29.8659 26.9904 28.252 24.9387 19.6997 10.4251 7.46729 3.36682 1.01321 -1.31292 -5.33104 -3.90336 -2.86201 1.0226 1.35088 2.24152 6.20246 9.62782 14.3579 12.8942 13.6757 11.6628 12.7185 11.0131 9.55379 9.17934 10.0485 10.0829
0 -0.789408 -1.57882 -6.08286 -10.5869 -9.10786 -7.62881 -8.5189 -9.40899 -8.19027 -6.97155 -4.59032 -2.2091 -1.93727 -1.66545 0.957734 3.58092 2.52248 1.46404 2.13131 2.79857 3.71266 4.62674 6.73021 8.83368 14.6526 20.4716 22.218 23.9643 27.1274 30.2905 32.8467 35.4029 32.5876 29.7722 29.5024 29.2325 27.3003 25.368 24.4637 23.5594 19.2628 14.9662 6.98952 -0.987127 -3.18549 -5.38386 -7.47239 -9.56092 -9.53022 -9.49952 -7.72495 -5.95038 -3.53714 -1.12389 4.59323 10.3104 10.6182 10.926 10.9588 10.9916 8.81684 6.64213 8.12689 9.61165 8.23654
0 -5.62797 -4.71718 -9.45493 -13.149 -11.4067 -9.7153 -10.7519 -8.65075 -11.0241 -6.19955 -4.91414 -2.58584 -1.83776 -1.78648 1.2161 1.36425 1.00257 -0.221932 0.193037 -0.0824097 1.97288 3.71266 6.4576 8.69711 12.3496 18.3921 18.8748 24.0145 26.046 29.2075 34.1703 33.7937 29.1161 28.6027 27.9296 25.9573 25.1662 21.8981 21.9257 18.8667 14.0952 6.55263 0.00273776 -9.44155 -12.0346 -11.6711 -13.7129 -13.7908 -14.4815 -14.3932 -14.0365 -13.2517 -7.31121 -5.14636 0.425056 6.26281 6.60315 7.90122 7.88002 9.26461 7.9689 7.38995 7.11293 9.17476 8.7716
0 -3.92777 -7.85553 -11.7833 -15.7111 -13.7564 -11.8018 -9.84715 -7.89251 -6.66003 -5.42755 -4.19507 -2.96259 -2.43505 -1.9075 -1.37996 -0.85242 -1.38016 -1.90791 -2.43565 -2.96339 -0.0824097 2.79857 5.67955 8.56054 12.4365 16.3126 20.1886 24.0646 26.0946 28.1245 30.1545 32.1845 29.8089 27.4333 25.0577 22.6821 20.5551 18.4281 16.3011 14.1741 6.15661 -1.86091 -9.87844 -17.896 -17.9271 -17.9583 -17.9895 -18.0207 -18.6537 -19.2868 -19.9199 -20.5529 -14.8609 -9.16883 -3.47679 2.21525 3.54585 4.87646 6.20706 7.53766 7.83771 8.13776 8.43781 8.73787 8.13317
0 -3.30555 -4.90082 -10.1635 -12.3907 -9.33642 -8.74557 -8.10787 -7.13427 -7.5802 -4.16701 -2.9013 -4.04427 -6.16121 -3.5279 -5.12037 -3.06909 -2.25047 -2.48375 -1.36427 -2.43565 0.0920228 4.50366 5.34878 8.42397 10.0183 12.6153 15.8974 22.2687 24.7308 27.591 28.5393 30.5753 28.1583 25.9704 22.838 19.6555 16.8492 16.1181 15.7484 9.48153 4.20036 -3.07281 -9.98392 -18.364 -16.2853 -17.7466 -19.7596 -22.2506 -19.6935 -19.6771 -19.6553 -21.5291 -12.7264 -7.40179 -3.56655 -1.8323 -1.56901 1.17297 2.54503 4.78016 5.99539 7.42231 8.25873 8.30097 10.3121
0 -0.973048 -1.9461 -5.50826 -9.07042 -7.37989 -5.68935 -6.03269 -6.37603 -4.64125 -2.90648 -4.01622 -5.12595 -5.13712 -5.14829 -5.21702 -5.28576 -4.17267 -3.05959 -2.48375 -1.90791 2.15042 6.20875 7.24807 8.28739 8.60272 8.91805 14.6954 20.4728 23.7652 27.0576 28.0118 28.966 26.7367 24.5074 20.5681 16.6289 15.2184 13.808 9.29847 4.78892 0.252108 -4.2847 -11.5584 -18.8321 -18.1835 -17.5348 -22.0076 -26.4804 -23.274 -20.0675 -21.2864 -22.5052 -14.07 -5.63474 -5.7573 -5.87985 -4.20519 -2.53052 -0.25393 2.02266 4.36476 6.70686 7.28547 7.86408 9.3795
0 -3.13988 -1.58049 -3.97334 -5.7501 -3.25989 -4.66701 -5.22807 -5.61779 -4.06441 -4.49045 -5.67648 -6.20764 -7.47945 -6.82625 -5.6759 -7.50242 -5.45537 -4.17267 -2.48139 -1.38016 0.650849 4.89483 8.77197 8.15082 8.32488 10.6828 13.5351 18.6768 22.2687 24.1859 26.6214 27.3568 24.661 21.3345 18.8259 13.6023 8.67368 8.39885 4.21222 0.0963075 -2.9814 -8.23349 -13.7279 -19.3002 -21.4031 -22.4445 -28.9163 -30.7103 -28.3104 -24.8832 -25.8505 -23.4814 -18.8385 -12.4255 -10.8828 -9.9274 -7.52747 -5.63208 -2.79942 -0.734833 1.41703 4.22792 5.81334 7.42719 8.49948
0 -0.607443 -1.21489 -1.82233 -2.42977 -3.03722 -3.64466 -4.2521 -4.85955 -5.46699 -6.07443 -6.68188 -7.28932 -7.89676 -8.50421 -9.11165 -9.71909 -7.50242 -5.28576 -3.06909 -0.85242 1.36425 3.58092 5.79758 8.01425 10.2309 12.4476 14.6643 16.8809 19.0976 21.3143 23.5309 25.7476 21.9546 18.1616 14.3686 10.5756 6.78266 2.98967 -0.803316 -4.5963 -8.38929 -12.1823 -15.9753 -19.7683 -23.5612 -27.3542 -31.1472 -34.9402 -32.3195 -29.6989 -27.0782 -24.4576 -21.8369 -19.2163 -16.5956 -13.975 -11.3543 -8.73364 -6.11299 -3.49233 -0.871674 1.74898 4.36964 6.99029 8.73615
0 -0.463561 1.24303 2.21381 -1.67485 -4.93666 -7.66436 -9.3095 -7.71694 -7.76635 -8.01783 -6.4791 -4.40764 -8.92613 -10.6007 -10.2386 -9.11165 -7.51301 -4.96773 -1.9705 3.01779 7.64492 11.9048 10.0619 11.2901 9.317 14.5502 14.9533 17.8779 21.2341 22.7051 25.003 24.1384 22.9464 22.5273 18.7928 16.5449 8.25903 4.99691 -1.74955 -1.81231 -5.45996 -9.51989 -13.2637 -17.7704 -18.9043 -24.4815 -27.5838 -32.7564 -29.7793 -26.7407 -23.3474 -21.1008 -16.7731 -12.3326 -11.9172 -9.35983 -6.35619 -2.85754 -1.20627 -0.785633 1.37405 5.18332 5.55754 6.5534 7.27605
0 1.85048 3.70095 1.39051 -0.919924 -6.302 -11.6841 -11.1292 -10.5743 -10.2678 -9.96123 -5.74359 -1.52596 -7.11154 -12.6971 -10.6007 -8.50421 -6.57695 -4.6497 1.11915 6.888 13.5583 20.2287 17.3973 14.566 15.6094 16.6528 17.7638 18.8749 21.4854 24.096 23.3126 22.5291 24.711 26.8929 24.7035 22.5141 14.7591 7.00415 3.98792 0.971683 -2.94291 -6.8575 -11.315 -15.7725 -18.6907 -21.6088 -26.0908 -30.5727 -27.1776 -23.7825 -20.7632 -17.744 -11.5965 -5.44895 -5.09683 -4.74471 -0.863078 3.01856 2.46981 1.92106 5.26936 8.61766 7.36708 6.11651 7.42313
0 0.870715 1.99796 2.514 -0.164999 -5.39084 -9.76684 -13.4903 -13.4317 -10.0227 -7.99354 -2.98595 1.35572 -1.48541 -7.11154 -7.36327 -7.89676 -2.51087 -0.49007 6.89231 10.7582 12.0529 19.0509 17.3282 17.8419 19.651 18.823 18.1547 19.8719 21.7478 22.0929 22.9283 20.9199 24.9383 26.8873 28.5448 28.4834 20.7469 13.7501 8.6187 3.75568 0.386023 -4.73801 -10.3732 -13.7746 -18.4676 -20.2999 -24.5666 -28.3889 -28.4448 -21.2001 -19.032 -14.3872 -9.18829 -4.36068 -1.8225 -0.129596 2.33404 4.46428 3.89034 4.62776 4.79928 7.45312 4.48329 5.67961 4.22765
