p5_lighting/grds/my0.dem.grd
ncols 129
nrows 129
xllcorner 0
yllcorner 0
cellsize 2
[rows 29 to 57 of 129, columns 0 to 65 of 129]
0 3.13753 4.36993 7.54673 11.5192 10.6009 8.98736 8.62149 5.51538 4.68711 1.90164 1.41353 3.54692 1.96956 0.470802 -1.78723 -4.64126 -5.03133 -2.77672 -1.73201 -4.82145 -2.97373 -2.03532 0.162852 -3.03576 -4.31702 -1.84288 -2.11361 -6.40819 -6.23365 -3.7112 -2.83773 -1.10496 -1.32206 1.5009 3.72624 5.13699 4.26581 4.02265 3.20265 3.98462 2.67053 2.76161 4.41001 3.10619 4.63069 7.77646 10.6945 15.1034 14.6481 15.9312 20.3086 20.9835 16.8984 11.8027 10.733 10.6437 10.9636 10.3693 7.56896 8.13156 8.15175 10.1492 13.438 12.6699 8.52489
0 0.517487 1.03497 4.33183 7.62868 7.0854 6.54211 5.05871 3.57532 0.605033 -2.36525 -0.0765238 2.2122 1.85278 1.49336 -0.902014 -3.29739 -1.38548 0.526419 -1.47095 -3.46832 -1.29011 0.888086 -0.720285 -2.32866 -0.0243297 2.28 -1.17387 -4.62774 -3.7112 -2.79465 -1.96885 -1.14306 -0.459519 0.22402 1.93779 3.65157 3.07968 2.50779 3.01222 3.51665 2.74478 1.97291 2.76863 3.56435 4.39388 5.2234 8.70962 12.1958 11.2219 10.248 13.4986 16.7492 11.1733 5.59742 8.04338 10.4893 11.2106 11.9319 10.6899 9.44791 10.1111 10.7743 11.9406 13.1068 10.4193
0 -0.515958 0.479385 2.05164 3.73814 5.70845 3.15675 3.44508 1.63525 2.33488 -1.37314 -1.27887 0.877491 -0.449951 0.479966 -2.5602 -1.95351 -3.02222 -0.079708 -0.497855 -2.11518 -0.481836 0.0249218 -2.0424 -1.62155 1.07397 0.644673 -1.77861 -2.8473 -4.10828 -1.96885 -4.13296 -1.18116 -0.449442 -0.0226257 0.308694 2.16614 2.89865 2.06925 3.75476 3.04868 3.79035 2.7518 3.31306 4.02252 3.62012 5.32704 7.00392 9.28825 9.91734 8.78932 9.37234 12.5149 11.1136 7.41403 9.41784 10.335 9.14379 11.5313 9.27574 10.7643 11.3146 11.9025 11.8428 13.5437 10.8492
0 -0.0381019 -0.0762039 -0.114306 -0.152408 -0.19051 -0.228612 -0.266714 -0.304815 -0.342917 -0.381019 -0.419121 -0.457223 -0.495325 -0.533427 -0.571529 -0.609631 -0.647733 -0.685835 -0.723937 -0.762039 -0.800141 -0.838242 -0.876344 -0.914446 -0.952548 -0.99065 -1.02875 -1.06685 -1.10496 -1.14306 -1.18116 -1.21926 -0.744266 -0.269271 0.205724 0.680719 1.15571 1.63071 2.10571 2.5807 3.0557 3.53069 4.00569 4.48068 4.95568 5.43067 5.90567 6.38066 6.85566 7.33065 7.80565 8.28064 8.75564 9.23063 9.70563 10.1806 10.6556 11.1306 11.6056 12.0806 12.5556 13.0306 13.5056 13.9806 11.341
0 0.0522606 -2.10391 2.48497 2.27042 -1.98857 0.725942 2.71969 1.35351 0.767499 0.322069 1.84722 2.52819 3.7139 3.10454 2.23837 -0.486039 0.745614 3.17592 5.63784 -0.461964 -4.43831 -3.51039 -4.39122 -1.92833 -0.357535 -1.4297 1.2088 -2.2255 -3.24154 -2.12333 -2.68128 -0.744266 -0.153234 -1.82129 -3.93478 0.0818349 3.37483 4.39963 5.35329 5.34143 6.84923 7.17989 6.17689 5.65517 6.86354 6.49468 5.0141 6.01157 7.38207 6.29353 2.64652 4.44496 8.71685 10.3396 11.3556 14.1072 13.7768 11.6412 10.2636 14.5457 14.6991 15.481 14.3594 14.4175 11.6182
0 -2.06581 -4.13161 0.280821 4.69325 3.18687 1.6805 2.34617 3.01184 2.0185 1.02516 3.26938 5.5136 6.12806 6.74252 3.19003 -0.362447 3.33761 7.03767 3.43789 -0.161889 -3.17221 -6.18254 -4.56237 -2.94221 -2.40548 -1.86874 -2.62645 -3.38415 -3.24388 -3.10361 -1.68644 -0.269271 -1.82129 -3.37331 -1.94518 -0.51705 3.32575 7.16855 7.63536 8.10217 9.46563 10.8291 8.82938 6.82966 7.19417 7.55868 6.60058 5.64248 5.44944 5.25641 2.93284 0.609281 6.02891 11.4485 14.7412 18.0338 15.0928 12.1519 14.5813 17.0108 17.4711 17.9313 16.3928 14.8544 12.179
0 2.03891 0.318923 4.30315 7.11608 7.67238 4.8071 7.01985 4.67017 1.56994 4.96581 7.05264 8.49902 7.51542 6.21355 1.61758 -0.238855 1.23905 3.59959 3.11952 0.138186 -1.89767 -4.2242 -3.82946 -3.95609 -3.44668 -3.60223 -4.75666 -4.5428 -5.20661 -2.80699 -2.58988 0.205724 -1.04619 -1.94518 -1.63962 -1.11593 5.21772 6.56148 8.62879 10.8629 10.467 11.1151 11.6828 8.00416 7.68689 7.30008 5.85127 5.27339 4.36432 2.08876 -0.903043 -3.2264 4.47096 10.4305 16.7025 21.9604 20.0859 18.0329 18.9351 19.4759 20.3031 18.3829 17.4074 15.2913 11.8795
0 2.38473 4.76946 7.15419 9.53891 8.73631 7.93371 7.1311 6.3285 7.61748 8.90646 10.1954 11.4844 8.58451 5.68458 2.78466 -0.115264 0.0231175 0.161499 0.29988 0.438261 -0.913798 -2.26586 -3.61792 -4.96998 -5.15284 -5.33571 -5.51858 -5.70145 -4.10591 -2.51036 -0.914822 0.680719 0.0818349 -0.51705 -1.11593 -1.71482 2.11979 5.95441 9.78902 13.6236 12.5124 11.4011 10.2899 9.17865 8.11006 7.04147 5.97289 4.9043 1.9127 -1.07889 -4.07049 -7.06208 1.17517 9.41242 17.6497 25.8869 24.9004 23.914 22.9275 21.941 20.3878 18.8346 17.2814 15.7282 13.0567
0 3.48545 4.6618 4.9992 8.77441 7.84168 7.23782 5.72819 7.98683 6.14106 5.27367 8.91708 10.2809 6.44082 5.49785 1.28445 0.00832812 1.19032 1.39734 -0.13437 -0.752105 -3.0473 -3.1355 -6.44648 -5.98386 -4.10082 -3.59486 -3.93724 -5.08169 -4.40834 -2.20948 -2.34698 1.15571 3.57318 2.7835 4.32827 2.11979 5.79286 9.46059 13.4826 16.3844 14.811 13.2073 10.7117 10.3958 8.57196 6.31517 4.39268 4.53521 5.18279 2.01493 3.04244 0.331085 7.87052 16.78 24.2203 29.8135 28.896 26.4481 25.6636 23.8394 22.4051 19.7829 18.2803 16.1651 12.145
0 2.27707 4.55414 6.28203 8.00991 7.27592 6.54192 8.09354 9.64515 5.64302 1.64088 5.35916 9.07744 7.19428 5.31112 2.72152 0.13192 1.38255 2.63317 0.345351 -1.94247 -2.97381 -4.00515 -5.50145 -6.99774 -4.42588 -1.85402 -3.15797 -4.46193 -3.18527 -1.90861 -0.138948 1.63071 3.85738 6.08406 6.01923 5.95441 9.46059 12.9668 16.0559 19.1451 17.0792 15.0134 13.3132 11.6129 8.60091 5.58887 4.87749 4.16612 4.63743 5.10875 6.4165 7.72425 15.9359 24.1475 28.9438 33.7401 31.3612 28.9823 27.36 25.7377 23.2345 20.7313 18.6666 16.6019 15.2696
0 1.37104 3.8973 5.93276 7.24541 6.62739 8.13164 9.76234 11.3035 9.23683 5.72851 6.23677 7.87395 6.04692 4.41795 1.6413 0.255512 -1.55756 0.330562 -1.77232 -3.13284 -4.87567 -5.33975 -7.61368 -8.01163 -6.76923 -3.98899 -5.16424 -3.84216 -1.61686 -1.11473 -0.0827155 2.10571 6.20217 7.09311 9.68664 9.78902 11.5624 16.0559 18.4321 21.9058 19.5822 17.1851 18.0172 12.8301 9.66794 7.16323 5.47847 3.79703 5.48536 9.03901 12.596 15.1174 21.0916 28.0997 32.0075 37.6667 35.8468 32.2731 31.8589 27.6361 24.6422 22.1182 18.245 17.0388 13.4093
0 1.62023 3.24045 4.86068 6.48091 8.10113 9.72136 11.3416 12.9618 11.389 9.81613 8.2433 6.67046 5.09762 3.52478 1.95194 0.379103 -0.796473 -1.97205 -3.14763 -4.3232 -5.49878 -6.67436 -7.84993 -9.02551 -7.57473 -6.12396 -4.67318 -3.2224 -1.77163 -0.320851 1.12992 2.5807 5.34143 8.10217 10.8629 13.6236 16.3844 19.1451 21.9058 24.6666 22.0117 19.3569 16.7021 14.0473 11.3924 8.73759 6.08276 3.42794 8.1986 12.9693 17.7399 22.5106 27.2812 32.0519 36.8226 41.5932 38.5785 35.5639 32.5492 29.5345 26.5198 23.5051 20.4904 17.4757 15.728
0 -0.112786 1.66261 1.82775 5.23169 8.14025 11.5177 11.5454 11.4271 7.74457 8.32553 7.93189 7.58248 5.90685 4.92913 2.31478 0.502695 -3.48119 -5.25892 -4.82229 -6.60838 -7.95315 -6.58235 -6.83822 -7.41304 -4.78754 -5.90648 -3.80289 -4.15944 -4.74505 -4.313 -0.985512 3.0557 5.13296 6.67247 8.69317 11.885 15.9346 16.4923 18.4657 22.0117 17.8545 16.7941 15.6916 14.4503 12.7756 12.2401 6.01764 3.05884 8.9884 14.2856 18.9677 22.6235 26.8618 31.7008 35.4038 37.7345 37.5975 36.0091 33.7191 30.3011 28.4298 26.5131 20.382 17.9126 17.7754
0 0.0423865 0.0847729 2.03363 3.98248 8.64823 13.314 11.6032 9.89234 8.36363 6.83492 7.66471 8.49449 7.41398 6.33347 3.47988 0.626287 -3.95975 -8.54578 -8.71967 -8.89355 -7.69195 -6.49035 -6.14546 -5.80057 -5.74479 -5.689 -5.39274 -5.09648 -6.70081 -8.30515 -2.38723 3.53069 4.38673 5.24277 7.69459 10.1464 11.9929 13.8394 16.5982 19.3569 16.7941 14.2314 14.5423 14.8533 15.2979 15.7426 9.21618 2.68975 9.14587 15.602 19.1692 22.7365 27.0431 31.3497 32.6127 33.8757 35.165 36.4544 33.7611 31.0677 30.2945 29.5212 23.9354 18.3495 18.0274
0 0.554223 0.413402 -2.52577 2.73327 3.58364 8.73372 9.94192 8.3576 7.05928 7.70281 7.89251 9.40651 6.77292 5.96474 1.53704 0.749879 -2.62027 -7.4205 -9.22777 -11.1787 -7.42835 -7.25506 -5.1231 -4.1881 -4.76995 -5.23105 -5.05711 -6.03352 -6.63198 -4.77504 0.349885 4.00569 3.32856 5.40885 6.52963 8.40779 9.01553 12.0988 14.689 16.7021 15.904 14.5423 13.9428 15.2563 14.6612 12.274 6.93531 2.32066 7.61465 14.0295 19.091 22.8494 26.3909 27.955 30.2757 30.0169 32.2653 32.917 32.9682 31.8344 30.7372 27.7167 25.3336 18.7864 18.3292
0 0.371016 0.742031 1.11305 1.48406 2.81876 4.15346 5.48816 6.82286 7.69678 8.5707 9.44461 10.3185 7.95726 5.596 3.23474 0.873471 -2.71087 -6.29522 -9.87956 -13.4639 -10.7418 -8.01977 -5.2977 -2.57563 -3.67436 -4.77309 -5.87182 -6.97055 -4.10774 -1.24494 1.61787 4.48068 5.0278 5.57493 6.12205 6.66917 8.51369 10.3582 12.2027 14.0473 14.4503 14.8533 15.2563 15.6593 12.2323 8.80542 5.37849 1.95157 7.20427 12.457 17.7097 22.9624 23.7613 24.5603 25.3592 26.1581 27.7689 29.3796 30.9903 32.601 29.2566 25.9122 22.5677 19.2233 21.7383
0 -1.68908 0.629708 0.703771 1.19854 2.86804 5.23864 6.15898 5.28813 7.17497 6.27429 6.6313 7.99537 7.80892 3.44437 0.909995 0.997062 -5.21775 -3.98567 -8.16832 -9.44267 -7.18336 -2.51987 -1.93856 -0.963159 -1.83916 -1.73664 -2.90867 -3.94605 -3.25728 -0.746777 3.70252 4.95568 7.20655 8.23325 8.29047 6.22795 6.62544 5.71835 8.9732 11.3924 14.0729 16.3124 14.3941 12.2323 7.22686 3.82745 5.39723 1.58248 6.17815 11.0676 14.5901 18.6216 21.494 21.1308 21.5697 22.2994 26.3096 28.7763 29.3644 28.4125 28.0288 26.7613 24.5185 19.6602 23.2126
0 0.258692 0.517385 0.715198 0.913011 3.61841 6.32381 5.0386 3.75339 3.86564 3.97789 4.82505 5.6722 3.48247 1.29273 1.20669 1.12065 -0.277735 -1.67612 -3.54878 -5.42143 -1.2207 2.98003 1.81467 0.649311 0.974564 1.29982 0.189134 -0.921548 -0.585084 -0.248619 2.59103 5.43067 8.16112 10.8916 8.33915 5.78674 3.43261 1.07848 4.90804 8.73759 13.2545 17.7715 13.2884 8.80542 3.82745 -1.15052 0.0314337 1.21339 5.44582 9.67825 11.9795 14.2808 15.991 17.7013 18.071 18.4406 23.3068 28.173 26.1985 24.224 25.9172 27.6104 23.8537 20.0971 25.0721
0 0.301481 0.344182 1.10284 0.627485 2.70802 3.41837 2.33222 2.21866 0.453464 2.41639 2.77016 3.34904 2.96399 1.2448 3.91938 1.24425 2.79312 0.159158 -0.838503 -1.40019 0.171337 3.11384 1.17598 2.26178 1.7661 2.90034 1.69953 2.10295 0.918309 2.75272 3.01875 5.90567 4.82618 8.26702 7.52807 5.34552 4.72329 2.6223 3.36066 6.08276 7.58142 10.2306 8.14766 5.37849 2.69323 0.0314337 0.559608 0.844299 3.38817 6.35771 7.74704 9.93994 11.6754 12.9312 13.0237 14.5818 16.4842 20.729 20.0489 20.0355 23.1538 23.0096 22.7417 20.534 26.3936
0 0.0854899 0.17098 0.25647 0.341959 0.427449 0.512939 0.598429 0.683919 0.769409 0.854899 0.940388 1.02588 1.11137 1.19686 1.28235 1.36784 1.68114 1.99444 2.30774 2.62104 2.93435 3.24765 3.56095 3.87425 4.18755 4.50085 4.81416 5.12746 5.44076 5.75406 6.06736 6.38066 6.01157 5.64248 5.27339 4.9043 4.53521 4.16612 3.79703 3.42794 3.05884 2.68975 2.32066 1.95157 1.58248 1.21339 0.844299 0.475208 1.75619 3.03717 4.31815 5.59913 6.88011 8.16109 9.44207 10.723 12.004 13.285 14.566 15.847 17.1279 18.4089 19.6899 20.9709 23.8737
0 -0.860111 -2.47917 -0.356257 1.93172 2.36541 3.27803 1.75534 3.66128 2.43584 2.47011 5.67621 5.5926 4.75485 3.24558 3.15237 1.71924 1.74927 1.0846 1.89045 0.30243 -0.742385 -0.452299 1.27985 2.89087 3.56684 5.92453 5.60054 4.89387 6.35961 5.48578 5.8058 6.85566 5.45496 7.27629 8.18376 4.24894 4.92575 4.80295 2.89461 0.339288 -2.8388 -4.82423 -1.66335 0.600502 2.81358 2.98475 1.31373 1.75619 2.10993 3.52885 1.80627 5.71576 8.45477 10.0804 11.9022 13.5591 13.9661 12.1175 13.9292 15.3914 17.4946 19.0747 21.0925 21.4078 27.2998
0 -2.56466 -5.12932 -0.803921 3.52148 4.7823 6.04312 6.34088 6.63864 5.36198 4.08532 7.12232 10.1593 7.72681 5.29429 3.68247 2.07064 1.12271 0.174768 -0.920709 -2.01618 -3.08421 -4.15225 -1.12237 1.9075 4.62785 7.34821 6.00425 4.66029 4.93889 5.2175 6.27408 7.33065 8.12038 8.9101 6.25184 3.59358 4.51667 5.43977 1.34521 -2.74936 -7.54378 -12.3382 -6.54439 -0.750568 2.00278 4.75612 3.89664 3.03717 3.52885 4.02053 4.92647 5.8324 8.9161 11.9998 14.1975 16.3951 13.6726 10.95 12.9429 14.9358 17.3381 19.7404 20.7926 21.8447 28.0366
0 2.54377 -0.889411 5.25824 5.11124 6.2311 7.84515 10.1278 9.61599 9.98469 10.0142 12.532 14.726 13.3481 8.1637 6.4121 2.42205 2.08017 -0.882607 -4.17293 -4.3348 -6.08553 -3.75429 -1.08081 0.924123 3.67412 4.70757 5.17883 4.4267 5.05729 5.72719 8.1886 7.80565 6.59978 7.09592 3.61478 2.93821 2.79754 1.05894 -2.84197 -5.83801 -7.53732 -9.26394 -7.99213 -2.10164 1.16969 2.91466 4.31159 4.31815 4.58383 4.92647 6.46524 5.94904 10.272 13.0331 17.8162 19.2312 16.066 14.498 14.5635 14.4802 16.1311 19.056 20.2686 22.2816 28.9496
0 1.67525 3.3505 5.02575 6.701 8.17408 9.64717 11.1203 12.5934 14.2682 15.9431 17.6179 19.2928 15.1629 11.0331 6.90328 2.77345 0.416735 -1.93998 -4.2967 -6.65341 -5.00487 -3.35633 -1.70779 -0.0592523 1.00384 2.06693 3.13002 4.19312 5.215 6.23688 7.25876 8.28064 6.7812 5.28175 3.7823 2.28285 -0.519525 -3.3219 -6.12428 -8.92665 -7.55817 -6.18968 -4.8212 -3.45271 -1.18975 1.07321 3.33617 5.59913 5.71576 5.8324 5.94904 6.06567 10.0661 14.0665 18.0668 22.0672 20.0566 18.0459 16.0353 14.0247 16.1981 18.3716 20.545 22.7185 30.6291
0 -0.773227 2.78203 6.10728 8.08859 11.1096 15.0504 15.581 15.5707 15.811 17.9669 19.3423 18.0548 14.666 9.13486 3.89532 3.12486 0.93715 -2.55531 -4.8567 -4.96677 -4.36956 -2.40921 -1.10472 -1.04263 -2.96013 -2.50311 0.113743 3.91832 3.29683 3.7341 5.82487 8.75564 4.24614 2.71441 2.02307 0.324562 -4.69311 -7.45372 -9.28968 -12.0153 -9.44225 -10.3869 -7.80116 -3.90931 -1.51725 3.97515 4.47736 6.88011 7.618 9.37244 8.85458 10.0661 12.6406 17.467 18.1678 24.9033 20.51 20.8927 16.6384 17.7532 16.3289 17.6703 20.7267 23.1553 30.9694
0 1.10678 2.21357 5.84488 9.47619 14.9649 20.4536 19.5008 18.5481 19.2694 19.9908 18.4038 16.8168 12.0267 7.23661 5.35644 3.47626 0.152807 -3.17065 -3.22539 -3.28013 -2.37111 -1.46209 -1.74405 -2.026 -4.54957 -7.07314 -1.71481 3.64353 2.43743 1.23133 5.23098 9.23063 4.68886 0.147078 -0.743325 -1.63373 -6.60963 -11.5855 -13.3447 -15.1039 -14.844 -14.5841 -9.47499 -4.3659 1.25559 6.87708 7.51908 8.16109 10.5368 12.9125 13.4895 14.0665 17.467 20.8675 24.3034 27.7393 25.7394 23.7394 22.6106 21.4817 19.2254 16.9691 20.2807 23.5922 30.4994
0 1.1927 4.16963 6.45835 10.8638 16.6597 19.4154 18.1343 21.5254 21.5062 19.7063 15.4902 15.5789 11.0255 8.2483 8.02677 3.82766 3.19846 -0.517268 -2.22263 -1.59349 -1.95043 -1.70595 -1.63076 -3.00938 -4.97014 -3.76128 0.688667 3.36873 3.44058 3.9343 6.95678 9.70563 5.95007 1.23112 -1.43824 -3.59202 -7.6113 -12.5007 -13.3916 -18.1926 -15.3936 -13.9321 -9.38734 -4.8225 0.896361 4.79953 5.03025 9.44207 13.2438 14.6538 13.3974 18.0668 22.0791 24.3034 26.525 30.5754 30.0255 27.4572 28.4557 25.2102 24.2203 21.8357 22.5419 24.0291 28.7751
0 3.06285 6.1257 9.18854 12.2514 15.3142 18.3771 21.4399 24.5028 21.9623 19.4219 16.8814 14.3409 11.8005 9.26 6.71953 4.17907 3.15759 2.13611 1.11463 0.0931554 -0.928322 -1.9498 -2.97128 -3.99275 -2.22108 -0.44941 1.32226 3.09394 4.86561 6.63728 8.40895 10.1806 6.24789 2.31516 -1.61758 -5.55031 -9.48304 -13.4158 -17.3485 -21.2812 -17.2807 -13.2802 -9.27964 -5.2791 -1.27856 2.72197 6.72251 10.723 13.5591 16.3951 19.2312 22.0672 24.9033 27.7393 30.5754 33.4114 32.2932 31.1751 30.0569 28.9387 27.8205 26.7024 25.5842 24.466 29.8317
0 5.3477 5.5825 8.31084 10.2012 14.1592 19.8544 20.3169 21.8768 21.0035 18.1673 14.0155 10.7543 8.63991 5.81612 5.35052 4.53047 4.14368 1.71968 2.33494 -0.743673 1.2308 -1.31342 -4.70644 -2.18298 -0.361413 2.02592 2.75217 3.44705 7.29315 5.7979 9.01446 10.6556 9.25415 7.40024 3.88986 -3.58032 -6.21464 -7.55181 -12.2934 -16.4366 -12.7864 -9.30667 -6.10913 -3.23835 2.55137 5.75651 8.73794 12.004 15.0163 17.624 20.0016 22.8827 23.0852 27.4366 30.2548 32.2932 33.0603 30.601 30.8871 28.789 27.1181 23.6616 24.3706 24.9029 28.919
