p5_lighting/grds/my0.dem.grd
ncols 129
nrows 129
xllcorner 0
yllcorner 0
cellsize 2
[rows 0 to 28 of 129, columns 0 to 65 of 129]
0 0 0 0 0 0 0 0 0 0 0 0 0 0 0 0 0 0 0 0 0 0 0 0 0 0 0 0 0 0 0 0 0 0 0 0 0 0 0 0 0 0 0 0 0 0 0 0 0 0 0 0 0 0 0 0 0 0 0 0 0 0 0 0 0 0
0 -0.920314 -2.45713 0.669838 -0.115284 -0.172188 -0.260957 -1.57699 -3.03485 -2.57002 -0.0919391 -0.579737 -1.04838 0.309544 1.05698 1.35049 -1.38198 -2.30776 -2.99972 -3.35864 0.707062 1.08007 -0.304201 -3.52226 -1.90565 -2.92771 -2.80585 0.266366 2.41087 2.00343 1.3658 0.508511 -0.0381019 3.50066 2.83462 6.23736 4.72316 4.8521 6.65893 5.27943 4.19317 3.76395 1.19481 1.29527 1.0179 2.26392 3.18224 1.46286 3.30638 4.53621 4.90376 7.18873 6.15836 6.36067 8.22267 7.41364 9.17189 5.9701 3.50798 2.74251 3.20278 2.42133 2.42881 0.721609 0.436893 1.49879
0 -2.45713 -4.91427 -2.57242 -0.230568 -0.37624 -0.521913 -3.2958 -6.06969 -3.12679 -0.183878 -1.14032 -2.09676 0.00860178 2.11396 -0.324998 -2.76396 -4.3817 -5.99944 -2.29266 1.41412 0.402861 -0.608403 -2.20985 -3.81129 -4.7115 -5.6117 -0.394984 4.82173 3.77667 2.7316 1.3277 -0.0762039 2.79652 5.66924 7.55778 9.44632 11.3821 13.3179 10.8521 8.38633 5.38798 2.38962 2.21271 2.0358 4.20014 6.36448 6.48862 6.61276 8.21014 9.80751 11.0621 12.3167 14.381 16.4453 17.3946 18.3438 12.6799 7.01597 6.71076 6.40556 5.63159 4.85762 2.8657 0.873787 5.26842
0 -1.33192 -2.57242 -1.93975 -0.345852 -1.59726 -3.41109 -4.78227 -9.10454 -7.82701 -4.17517 -4.33857 -3.14514 -1.38658 -1.37338 -2.47447 -4.14594 -3.63797 -3.67464 -1.93615 2.12119 2.28541 -1.50278 -2.78045 -5.71694 -1.93779 -2.30063 1.39729 7.2326 4.06136 3.73856 3.5525 -0.114306 3.32047 7.51968 9.95526 14.1695 16.9126 15.5753 14.5805 12.5795 8.38876 6.40588 2.82848 3.05371 3.74963 7.50652 6.09774 9.91914 11.2337 14.3685 17.5965 18.4751 22.3598 23.5529 25.0842 27.5157 22.9836 15.8827 13.3327 9.60834 7.443 6.06848 0.735633 1.31068 6.23542
0 -0.115284 -0.230568 -0.345852 -0.461135 -3.3807 -6.30026 -9.21982 -12.1394 -10.1529 -8.16645 -6.17999 -4.19352 -4.52712 -4.86072 -5.19432 -5.52792 -3.43888 -1.34983 0.739208 2.82825 0.215541 -2.39717 -5.00988 -7.62258 -3.30607 1.01044 5.32695 9.64346 7.1945 4.74553 2.29656 -0.152408 4.60886 9.37012 14.1314 18.8926 18.3627 17.8327 17.3027 16.7727 13.5974 10.4221 7.24687 4.07161 6.36009 8.64856 10.937 13.2255 16.0775 18.9295 21.7815 24.6334 27.647 30.6605 33.674 36.6876 30.7185 24.7493 18.7802 12.8111 10.0452 7.27934 4.51346 1.74757 4.65831
0 -2.57014 -5.15427 -4.06943 -3.3807 -8.79125 -11.1187 -11.5464 -15.1742 -11.6296 -9.58557 -8.39648 -7.56197 -7.5296 -6.609 -6.42459 -6.9099 -7.41054 -2.74029 -1.56182 -1.16644 1.20663 -1.70819 -5.61525 -9.52823 -4.82443 -0.347849 3.71384 5.28885 0.776565 1.3881 3.24924 -0.19051 3.05488 8.42968 15.0398 18.3246 18.9259 20.6339 22.002 20.9658 17.555 14.2244 13.7701 10.5533 11.3758 11.4728 13.7014 16.5319 18.7171 21.4758 26.3854 30.9533 35.3695 40.6438 43.2424 45.8595 40.5897 33.7732 25.73 19.2171 15.752 13.7238 7.12086 2.18447 5.46772
0 -5.03898 -10.078 -8.18911 -6.30026 -11.1187 -15.9372 -17.0731 -18.2091 -14.6069 -11.0047 -10.9675 -10.9304 -9.64384 -8.35727 -8.32458 -8.29188 -6.21131 -4.13074 -4.64593 -5.16113 -3.09017 -1.0192 -6.22654 -11.4339 -6.57001 -1.70614 -0.385951 0.934236 -0.517547 -1.96933 -1.09897 -0.228612 3.63032 7.48925 12.6228 17.7565 20.5958 23.4352 24.2971 25.159 21.5929 18.0267 17.5308 17.0349 15.666 14.297 17.0676 19.8383 21.9302 24.0222 30.6477 37.2733 43.9502 50.6272 52.8293 55.0313 48.9142 42.797 34.2101 25.6231 22.8957 20.1683 11.3948 2.62136 7.42832
0 -4.69576 -8.07383 -7.79477 -9.21982 -13.7439 -17.0731 -18.5508 -21.2439 -19.7072 -15.9889 -16.4441 -14.2989 -14.7083 -11.3594 -10.3767 -9.67386 -10.1029 -8.11695 -7.08781 -9.15582 -10.1573 -7.60852 -11.8943 -13.3395 -11.0101 -6.60811 -3.38749 -3.42038 -3.91959 -3.00462 -1.69717 -0.266714 3.90858 7.82348 11.6327 17.1884 19.5286 24.259 28.1439 29.3522 26.695 24.8992 25.0945 23.5165 23.3588 21.2608 24.8206 23.1446 26.8915 31.1021 37.4903 43.5932 51.0633 56.1356 59.5506 64.2032 55.0172 49.3511 41.6097 32.0291 25.9712 20.5667 11.9964 3.05825 7.61221
0 -3.03485 -6.06969 -9.10454 -12.1394 -15.1742 -18.2091 -21.2439 -24.2788 -22.6259 -20.973 -19.3202 -17.6673 -16.0144 -14.3616 -12.7087 -11.0558 -11.5795 -12.1032 -12.6268 -13.1505 -13.6742 -14.1978 -14.7215 -15.2452 -13.3776 -11.5101 -9.64254 -7.77499 -5.90745 -4.0399 -2.17236 -0.304815 3.92645 8.15772 12.389 16.6203 20.8515 25.0828 29.3141 33.5453 32.6585 31.7718 30.885 29.9982 29.1114 28.2246 27.3378 26.451 32.3165 38.1821 44.0476 49.9131 55.7786 61.6441 67.5096 73.3751 64.6401 55.9051 47.1701 38.4351 29.7001 20.9651 12.2301 3.49515 6.98049
0 -2.89134 -6.01078 -8.42279 -10.0606 -13.2762 -17.0672 -18.2165 -22.6259 -22.2909 -25.3267 -22.467 -19.8971 -19.9038 -16.649 -12.0845 -12.4378 -10.7683 -9.33923 -6.41635 -7.37062 -6.84806 -10.6797 -14.1747 -14.7596 -12.9714 -10.5769 -9.73642 -10.1674 -8.16882 -6.79295 -1.57009 -0.342917 3.85702 6.894 10.8378 12.5324 17.3211 22.7769 26.049 32.6204 31.8065 29.2862 29.4046 28.415 27.9706 28.4678 27.9445 29.7574 34.8643 39.5724 41.174 47.6 53.1334 57.7958 63.7634 67.9465 60.3889 53.1288 44.1806 36.6016 26.6588 19.3843 12.3944 3.93204 7.46632
0 -2.97593 -5.95187 -6.96687 -7.98187 -11.9535 -15.9252 -18.4491 -20.973 -25.3267 -29.6803 -25.9036 -22.1269 -20.5317 -18.9364 -16.3781 -13.8198 -10.1975 -6.57528 -4.08301 -1.59074 -4.37619 -7.16163 -10.7178 -14.274 -11.9589 -9.64366 -11.1018 -12.5599 -11.0529 -9.54599 -4.96351 -0.381019 2.62463 5.63027 7.03738 8.44448 14.4577 20.4709 26.0832 31.6955 29.2481 26.8006 26.8162 26.8317 27.7714 28.711 30.8874 33.0638 37.0132 40.9627 43.1248 45.2869 49.6172 53.9475 58.2327 62.5179 56.4352 50.3525 42.5603 34.768 26.2857 17.8034 11.0861 4.36893 7.3305
0 -2.35614 -3.93202 -5.80596 -5.90311 -8.48669 -13.3355 -13.3446 -19.3202 -23.117 -25.9036 -22.6812 -24.3566 -23.5443 -20.2608 -19.1908 -15.2018 -9.89597 -4.94133 0.544237 4.18913 -0.299515 -4.41429 -8.0338 -13.7885 -12.3361 -12.4838 -14.761 -14.9523 -12.2101 -9.2235 -3.22251 -0.419121 1.90743 2.76801 3.83558 4.35659 11.2886 17.7641 24.9193 30.7707 28.3077 26.7781 26.2851 25.2485 27.3908 30.1909 32.6641 36.3702 37.6344 40.5657 41.5751 42.9738 46.0657 50.0541 53.4187 57.0893 52.8797 45.8666 41.6416 32.9344 25.7187 17.9876 9.75492 4.80583 5.47665
0 -0.956087 -1.91217 -2.86826 -3.82435 -7.28509 -10.7458 -14.2066 -17.6673 -19.8971 -22.1269 -24.3566 -26.5864 -24.0857 -21.5851 -19.0844 -16.5838 -9.94556 -3.30737 3.33082 9.96901 4.15103 -1.66695 -7.48493 -13.3029 -14.3134 -15.3238 -16.3343 -17.3448 -13.1229 -8.90101 -4.67911 -0.457223 -0.27574 -0.0942574 0.0872254 0.268708 7.66297 15.0572 22.4515 29.8458 28.3007 26.7555 25.2104 23.6653 27.6681 31.6709 35.6737 39.6765 39.9226 40.1686 40.4146 40.6607 43.4107 46.1607 48.9107 51.6607 46.5207 41.3808 36.2408 31.1009 24.6363 18.1718 11.7073 5.24272 4.57007
0 -2.80585 -0.256408 -2.82449 -4.25024 -8.88824 -12.299 -12.3789 -16.0144 -18.3864 -19.9784 -19.6108 -24.0857 -23.3491 -22.6147 -21.1959 -17.9657 -11.0366 -5.03818 -0.123058 3.29272 0.59055 -6.60596 -9.13601 -12.8173 -16.1483 -16.372 -14.09 -14.5049 -11.9256 -8.98484 -5.43301 -0.495325 0.622653 1.49177 2.68657 3.3936 10.4168 19.8261 24.6995 28.9209 30.0845 26.0957 27.1633 27.63 31.4712 36.5271 41.2678 42.9829 41.6926 41.0418 40.3786 40.8515 40.0542 41.2049 43.3724 46.232 38.3289 35.0572 33.6191 27.9427 22.1048 16.2801 10.2623 5.67961 5.04173
0 0.699679 1.39936 -1.63839 -4.67613 -9.26414 -13.8522 -14.1069 -14.3616 -16.0958 -17.8299 -19.7075 -21.5851 -22.6147 -23.6443 -21.496 -19.3477 -13.0584 -6.76899 -5.07628 -3.38358 -7.46427 -11.545 -11.9384 -12.3318 -14.8759 -17.4201 -14.5425 -11.665 -10.3668 -9.06867 -4.80105 -0.533427 1.27219 3.0778 4.79815 6.5185 15.5567 24.5949 26.2955 27.996 26.7159 25.4359 28.5153 31.5947 36.489 41.3832 43.8363 46.2893 44.1022 41.9151 41.4787 41.0424 38.6458 36.2491 38.5263 40.8034 34.7685 28.7336 26.7591 24.7846 19.5865 14.3885 10.2525 6.11651 3.68227
0 -0.420064 -0.682301 -4.53131 -5.10203 -9.84959 -11.072 -10.7094 -12.7087 -13.1016 -15.8249 -17.442 -19.0844 -20.4975 -21.496 -21.6459 -20.7297 -17.7504 -13.0965 -11.754 -10.0599 -11.7856 -12.7967 -10.5175 -11.8462 -11.4943 -13.0465 -12.3332 -8.82505 -7.07294 -6.18303 -4.02761 -0.571529 1.59913 4.57857 6.10327 9.6434 17.4243 22.0261 24.2698 27.0711 26.1878 29.1355 31.1744 35.5594 39.8803 43.7982 48.4241 49.5957 47.4291 44.5391 42.1883 41.2333 39.7148 35.9671 36.2009 35.3748 31.4036 26.4704 22.5182 21.6264 19.2305 13.5589 8.20673 6.5534 3.98505
0 -1.38198 -2.76396 -4.14594 -5.52792 -6.9099 -8.29188 -9.67386 -11.0558 -12.4378 -13.8198 -15.2018 -16.5838 -17.9657 -19.3477 -20.7297 -22.1117 -20.7678 -19.4239 -18.08 -16.7362 -15.3923 -14.0484 -12.7045 -11.3607 -10.0168 -8.6729 -7.32902 -5.98514 -4.64126 -3.29739 -1.95351 -0.609631 2.73485 6.07933 9.42381 12.7683 16.1128 19.4573 22.8017 26.1462 29.4907 32.8352 36.1797 39.5241 42.8686 46.2131 49.5576 52.9021 50.0326 47.1631 44.2936 41.4241 38.5546 35.6851 32.8157 29.9462 27.0767 24.2072 21.3377 18.4682 15.5987 12.7293 9.85978 6.99029 5.76026
0 -1.92382 -0.411276 -1.87279 -2.9311 -2.46219 -3.71823 -7.24997 -7.77189 -8.89523 -10.5335 -11.9839 -14.5042 -16.0519 -17.3911 -19.4422 -20.7678 -19.0177 -16.0249 -15.0147 -14.5076 -12.8493 -10.5164 -9.38508 -10.762 -6.86242 -6.87272 -4.52263 -3.85686 -4.53381 -5.05917 -4.4059 -0.647733 1.89353 5.07373 7.68062 9.86384 16.1253 18.816 21.6473 23.6685 26.9244 28.9083 34.1797 37.2647 40.8495 42.8926 46.6295 49.9945 47.0979 43.4535 43.8277 44.2513 39.9874 37.9375 32.7724 27.6298 25.5148 20.91 19.7404 18.2329 16.6546 13.2967 9.80246 7.42719 7.99833
0 0.970704 1.94141 0.803562 -0.334285 0.260563 0.85541 -1.81627 -4.48795 -5.86756 -7.24716 -9.83595 -12.4247 -13.9296 -15.4345 -17.4292 -19.4239 -16.0249 -12.6259 -12.4525 -12.279 -9.63171 -6.98439 -8.57385 -10.1633 -7.61793 -5.07254 -3.40056 -1.72858 -4.27477 -6.82095 -3.75339 -0.685835 1.69115 4.06813 5.51375 6.95938 12.5671 18.1748 19.6828 21.1908 23.0861 24.9814 29.9934 35.0053 37.2887 39.5722 43.3295 47.0869 43.4154 39.7439 43.4112 47.0785 43.6342 40.1898 32.7517 25.3135 21.4632 17.6128 17.8052 17.9976 15.9309 13.8641 10.8641 7.86408 7.75228
0 0.799696 2.18554 3.03433 2.26253 2.20946 2.16253 -1.25138 -1.20401 -3.7148 -5.17003 -8.28957 -10.3452 -12.0745 -13.9677 -15.0823 -18.08 -14.9489 -12.4525 -9.80831 -10.0505 -8.62269 -7.68916 -7.44597 -9.56464 -7.17219 -4.14577 -4.40393 0.399698 -1.17598 -2.96899 -3.30707 -0.723937 4.1656 2.13117 1.52006 4.05492 8.57076 13.4339 15.5909 18.7131 21.244 24.1712 28.6716 32.7459 34.2222 37.7256 43.7275 44.1793 41.5529 43.3731 45.9479 49.9056 45.3459 38.4483 30.172 22.9972 21.2194 18.3584 17.9637 17.7624 16.4062 13.4983 9.43609 8.30097 5.59902
0 1.21484 2.42968 3.64451 4.85935 4.1645 3.46964 2.77479 2.07994 -0.506475 -3.09289 -5.6793 -8.26572 -10.3833 -12.5009 -14.6186 -16.7362 -14.5076 -12.279 -10.0505 -7.82189 -8.10791 -8.39393 -8.67995 -8.96597 -6.09248 -3.219 -0.345509 2.52798 1.70547 0.88297 0.0604656 -0.762039 -0.283912 0.194214 0.67234 1.15047 4.92169 8.69291 12.4641 16.2354 19.7981 23.3609 26.9237 30.4865 33.1828 35.8791 38.5754 41.2717 44.137 47.0023 49.8675 52.7328 44.7198 36.7068 28.6938 20.6808 19.8924 19.1039 18.3155 17.5271 15.3298 13.1325 10.9352 8.73787 6.58699
0 3.69366 3.51598 3.76678 5.54648 5.73638 4.05429 5.6519 5.36388 1.3579 0.177793 -0.272849 -5.71741 -8.67355 -11.1751 -11.5671 -15.3923 -13.3835 -11.0844 -10.3692 -8.10791 -7.13094 -8.08931 -8.1917 -8.3673 -5.06965 -6.37222 -3.33844 0.960267 2.28465 4.38307 1.16225 -0.800141 -1.11803 -2.26247 -0.928005 1.53911 4.83079 7.97954 13.0512 13.7576 19.9784 23.0885 23.8226 27.3606 29.4501 33.3251 36.6034 38.3641 40.4229 42.3132 44.3173 44.6817 38.3175 32.3731 24.8804 18.3645 15.1269 16.7694 18.0273 15.8829 15.5401 14.648 13.0329 9.17476 8.14491
0 2.30115 4.60229 5.41795 6.2336 5.43627 4.63893 6.64338 8.64783 6.04815 3.44847 0.139691 -3.16909 -6.50921 -9.84934 -11.9489 -14.0484 -11.9691 -9.88984 -9.14188 -8.39393 -8.08931 -7.7847 -7.77666 -7.76863 -8.64703 -9.52544 -5.06644 -0.607444 3.63786 7.88317 3.52246 -0.838242 -2.77869 -4.71915 -1.3957 1.92775 4.59696 7.26618 9.27305 11.2799 17.048 22.8162 23.5254 24.2347 27.5029 30.771 33.1138 35.4565 36.5403 37.6241 37.1274 36.6306 32.335 28.0394 22.0438 16.0481 15.2415 14.4348 14.3368 14.2388 15.2011 16.1635 12.8876 9.61165 8.46987
0 1.55751 4.20311 5.28256 6.92073 8.56211 8.02536 10.663 11.9318 8.36622 6.01005 2.81827 -0.620781 -3.32418 -7.28295 -11.2909 -12.7045 -10.1345 -10.0266 -7.77598 -8.67995 -7.91203 -7.77666 -7.7346 -7.16996 -8.04626 -7.34126 -5.04528 -2.17516 0.652444 2.77726 -0.78346 -0.876344 -2.86413 -1.91193 -0.0644795 2.31638 4.07663 5.89047 10.1109 8.80221 13.6019 17.4849 18.5049 21.1088 23.5975 27.2916 30.0254 32.549 29.8573 31.3545 30.2669 28.5795 26.3762 22.0057 18.0101 13.7318 13.0082 12.8089 11.4634 12.5946 14.7888 13.4407 13.3399 10.0485 7.82188
0 1.90196 3.80393 5.70589 7.60786 9.50982 11.4118 13.3138 15.2157 11.8937 8.57162 5.24958 1.92753 -1.39451 -4.71656 -8.03861 -11.3607 -10.762 -10.1633 -9.56464 -8.96597 -8.3673 -7.76863 -7.16996 -6.57129 -5.86418 -5.15708 -4.44997 -3.74287 -3.03576 -2.32866 -1.62155 -0.914446 -0.00957868 0.895289 1.80016 2.70502 3.60989 4.51476 5.41963 6.32449 9.2391 12.1537 15.0683 17.9829 20.8975 23.8121 26.7268 29.6414 27.3631 25.0849 22.8066 20.5284 18.2502 15.9719 13.6937 11.4155 11.2992 11.183 11.0667 10.9504 10.8342 10.7179 10.6017 10.4854 6.9778
0 3.67486 6.40646 7.23253 9.55834 11.9242 13.5018 14.2984 13.2757 10.1638 8.24288 6.46735 2.66606 -1.23113 -4.45923 -6.45174 -10.0168 -8.38154 -8.12036 -7.01505 -8.26813 -5.14961 -6.73915 -4.26987 -5.86418 -6.42419 -7.39311 -8.09996 -4.85431 -3.26887 -2.98154 -0.316946 -0.952548 -0.518593 2.24151 2.52308 3.68437 1.78196 4.95046 4.49459 5.85652 7.53192 9.02562 10.7837 14.1492 16.7274 18.8967 21.5637 26.7338 22.2657 23.2156 21.438 21.7008 21.5426 18.9868 17.3342 11.2611 9.11131 9.35547 8.88799 9.91664 9.64669 10.6949 10.4859 10.9223 5.7802
0 4.5045 9.009 10.2589 11.5088 13.5503 15.5917 13.4637 11.3356 9.62486 7.91414 5.65936 3.40458 -0.39866 -4.2019 -6.4374 -8.6729 -7.37516 -6.07741 -6.82385 -7.57028 -6.63997 -5.70967 -5.43337 -5.15708 -7.39311 -9.62914 -7.79745 -5.96575 -4.80008 -3.63442 -2.31253 -0.99065 1.29855 3.58774 4.12573 4.66372 5.02494 5.38617 5.38736 5.38855 5.64304 5.89752 8.1065 10.3155 12.1483 13.9812 18.9037 23.8262 22.5863 21.3464 22.1098 22.8731 22.4373 22.0016 16.5542 11.1067 9.31737 7.52799 8.20541 8.88283 9.77732 10.6718 11.0155 11.3592 5.46162
0 5.1106 8.35694 9.81656 13.4593 14.9714 13.5122 11.5667 9.39552 7.4422 7.04134 6.99212 4.14311 1.53928 -2.37683 -6.42151 -7.32902 -6.4013 -6.07864 -6.69619 -6.87244 -7.41801 -5.3342 -4.03577 -4.44997 -5.76604 -7.79745 -9.77155 -7.07719 -6.29996 -4.13108 -0.796825 -1.02875 0.101417 3.18276 5.0547 5.64307 4.19297 5.46184 5.93663 4.92057 4.26815 4.72392 6.86826 6.48175 10.1658 12.1553 16.2962 20.9186 22.8138 21.4804 23.8849 24.0454 23.9405 20.0048 15.0367 10.9524 10.0707 8.16731 8.00523 7.84902 7.664 10.098 9.9197 11.7961 6.87477
0 3.85244 7.70489 11.5573 15.4098 13.4212 11.4326 9.44403 7.45545 6.812 6.16854 5.52509 4.88163 2.16494 -0.551755 -3.26845 -5.98514 -6.03251 -6.07987 -6.12723 -6.17459 -5.56666 -4.95873 -4.3508 -3.74287 -4.85431 -5.96575 -7.07719 -8.18863 -6.40819 -4.62774 -2.8473 -1.06685 0.855464 2.77778 4.7001 6.62242 6.07996 5.53751 4.99505 4.4526 4.00145 3.55031 3.09917 2.64802 6.48877 10.3295 14.1703 18.011 19.8127 21.6144 23.4161 25.2178 21.6128 18.0079 14.403 10.798 9.80233 8.80663 7.81092 6.81522 8.16966 9.52411 10.8786 12.233 9.29773
