p5_lighting/grds/my0.dem.grd
ncols 129
nrows 129
xllcorner 0
yllcorner 0
cellsize 2
[rows 58 to 86 of 129, columns 0 to 65 of 129]
0 2.51965 5.0393 6.59516 8.15102 14.7413 21.3316 20.2912 19.2509 18.0818 16.9127 12.0402 7.16758 4.76991 2.37224 3.62706 4.88187 3.09256 1.30325 -0.138628 -1.5805 -1.12877 -0.677036 -0.525121 -0.373206 2.06402 4.50124 4.15071 3.80017 4.37934 4.95852 8.04457 11.1306 11.808 12.4853 5.4375 -1.61034 -1.64909 -1.68783 -6.63992 -11.592 -8.46258 -5.33316 -3.26539 -1.19761 3.79672 8.79104 11.038 13.285 16.0689 18.8528 21.2755 23.6981 25.416 27.1338 29.1544 31.1751 30.601 30.0269 29.3331 28.6393 24.6301 20.6208 22.9803 25.3398 29.2844
0 1.62667 3.53232 3.93716 6.10084 11.6481 15.1782 14.529 16.6249 14.4884 11.9547 7.30251 3.5809 1.19347 2.58085 5.0968 5.23328 2.92087 1.23425 -0.0513809 -2.41733 -0.829246 -0.340471 2.91028 1.43657 5.62536 4.18881 3.30607 4.15329 6.78907 6.62601 7.29927 11.6056 12.4835 9.84522 4.43777 0.359649 -0.63201 -0.737197 -3.5841 -6.74738 -5.16269 -2.4213 -0.814131 0.843135 5.26552 9.07823 13.4564 14.566 16.0021 19.7204 22.442 24.5136 25.9466 27.1338 30.3668 30.0569 29.4663 29.3331 29.5566 28.4896 26.9856 23.9488 25.028 25.7767 26.1306
0 1.01266 2.02533 3.03799 4.05066 6.53773 9.02481 11.5119 13.999 10.4978 6.9966 3.49541 -0.00577068 1.39184 2.78945 4.18707 5.58468 3.37497 1.16526 -1.04445 -3.25416 -1.62903 -0.00390697 1.62122 3.24634 3.56136 3.87638 4.19139 4.50641 6.39996 8.29351 10.1871 12.0806 9.64286 7.20512 4.76738 2.32963 1.27154 0.21344 -0.844657 -1.90275 -0.706096 0.490562 1.68722 2.88388 6.12465 9.36542 12.6062 15.847 18.2175 20.588 22.9585 25.3291 26.2315 27.1339 28.0363 28.9387 28.789 28.6393 28.4896 28.3399 27.8083 27.2767 26.7452 26.2136 23.8073
0 3.2863 3.93318 4.33029 3.47489 7.91693 9.67986 9.87209 11.373 8.00444 4.29715 4.29754 1.30635 1.59479 2.96119 4.93984 5.93608 6.58523 3.23186 2.31412 -0.256151 0.242013 4.08838 6.43139 5.05612 4.15039 4.54249 5.55279 6.43806 9.07138 9.34426 10.4855 12.5556 15.5935 12.9781 9.49154 5.67927 4.03951 4.66403 7.54943 2.94187 2.81852 5.79364 6.55398 6.96874 11.1324 10.1977 17.3481 17.1279 18.5275 19.0964 21.9053 24.6764 24.4823 27.0363 27.9876 27.8205 27.1709 29.0546 32.7931 27.8083 29.8614 29.4092 27.9176 26.6505 24.0998
0 2.92052 5.84103 4.37007 2.89911 6.61701 10.3349 9.54099 8.74706 5.17238 1.5977 2.10809 2.61847 2.87571 3.13294 4.71021 6.28749 5.79297 5.29846 4.02016 2.74186 5.46126 8.18067 7.52328 6.86589 6.03724 5.2086 6.78915 8.36971 9.38236 10.395 11.7128 13.0306 15.8909 18.7512 13.89 9.0289 9.07176 9.11463 8.45056 7.78649 9.4416 11.0967 11.0752 11.0536 11.0418 11.0299 14.7194 18.4089 18.0069 17.6048 20.8143 24.0238 25.4812 26.9386 26.8205 26.7024 28.0862 29.47 28.3734 27.2767 29.4092 31.5416 29.3145 27.0874 25.857
0 0.982253 3.35741 2.55732 2.32334 5.25005 6.47814 6.8328 6.1211 1.83462 2.98332 4.54386 3.9306 3.30762 4.62472 6.33918 6.63889 5.85064 6.58127 7.04122 5.73986 6.13377 8.89616 8.54598 8.67567 8.3912 8.28391 9.49377 10.3014 11.3624 11.7509 12.6054 13.5056 13.7829 16.8028 15.486 12.3785 12.6185 12.8583 14.8065 12.6311 11.9054 14.7231 13.1424 15.1385 15.6668 15.5635 17.3562 19.6899 18.0758 19.7248 22.3463 23.3711 24.2031 25.2654 27.4945 25.5842 28.7791 27.4049 27.5219 26.7452 29.3375 29.3145 29.3835 27.5243 24.6131
0 0.436893 0.873787 1.31068 1.74757 2.18447 2.62136 3.05825 3.49515 3.93204 4.36893 4.80583 5.24272 5.67961 6.11651 6.5534 6.99029 7.42719 7.86408 8.30097 8.73787 9.17476 9.61165 10.0485 10.4854 10.9223 11.3592 11.7961 12.233 12.6699 13.1068 13.5437 13.9806 14.4175 14.8544 15.2913 15.7282 16.1651 16.6019 17.0388 17.4757 17.9126 18.3495 18.7864 19.2233 19.6602 20.0971 20.534 20.9709 21.4078 21.8447 22.2816 22.7185 23.1553 23.5922 24.0291 24.466 24.9029 25.3398 25.7767 26.2136 26.6505 27.0874 27.5243 27.9612 27.5243
0 1.56069 2.96027 1.07935 0.875881 0.263219 -0.582331 1.51344 2.104 3.28735 7.77624 6.36894 6.72185 9.88821 10.5926 8.35847 6.21975 7.4875 9.30653 8.99964 10.1122 12.5382 9.80805 10.1575 10.5608 13.6197 15.0523 14.6856 17.4458 19.1042 17.0388 18.2139 15.1529 14.1625 15.5904 16.394 16.6997 17.3992 16.4193 16.5936 17.2941 16.9789 15.2335 16.2201 19.6435 18.1005 18.9946 18.0181 21.4162 20.6432 23.3112 27.2023 27.7365 27.2433 27.5454 27.2247 26.5859 29.4685 28.4906 29.2813 28.3057 30.0761 31.3292 31.2927 27.5243 28.2801
0 2.52338 5.04676 2.52547 0.00418919 -1.89092 -3.78602 -1.53659 0.712848 5.94819 11.1835 9.69226 8.20099 11.6348 15.0686 10.2589 5.44921 8.09909 10.749 11.1177 11.4865 10.7455 10.0044 10.3203 10.6361 14.6908 18.7454 20.702 22.6585 21.8147 20.9709 18.6481 16.3253 16.3258 16.3264 16.9988 17.6712 16.954 16.2368 16.6746 17.1124 14.6149 12.1175 16.0906 20.0637 18.9779 17.8922 19.8768 21.8614 23.3196 24.7777 28.7662 32.7546 32.1266 31.4986 30.1022 28.7058 30.1736 31.6414 31.0196 30.3978 32.9844 35.571 31.3292 27.0874 30.8169
0 -0.586473 2.08858 1.99494 -0.867503 -1.75829 -2.84517 -1.05008 -0.678302 1.71926 7.86422 9.39706 9.68012 9.9777 11.3012 5.93045 4.67868 9.5856 9.91031 9.46457 12.8608 11.9779 11.2577 12.5906 10.7115 16.2068 20.3404 23.7919 27.8713 26.568 23.4239 20.0295 17.4976 17.4748 17.7342 16.9617 18.6427 18.0411 17.2092 15.3235 16.9307 16.9853 15.472 19.7545 20.4839 21.2615 19.8601 21.2427 22.3067 27.2048 28.7745 32.5117 37.7727 36.0184 34.6834 34.4074 30.8256 31.7537 32.7026 30.6533 32.49 33.218 32.9844 30.8678 26.6505 32.3526
0 -0.434799 -0.869598 -1.3044 -1.7392 -1.82176 -1.90432 -1.98689 -2.06945 1.23773 4.5449 7.85208 11.1593 9.34648 7.5337 5.72092 3.90814 6.48989 9.07165 11.6534 14.2352 13.3731 12.511 11.6489 10.7868 16.3611 21.9354 27.5097 33.084 29.4805 25.877 22.2734 18.6699 18.906 19.142 19.3781 19.6142 18.8979 18.1816 17.4653 16.749 17.7878 18.8266 19.8654 20.9042 21.3661 21.8281 22.29 22.752 27.7617 32.7714 37.7811 42.7908 40.3294 37.8681 35.4068 32.9455 33.3546 33.7638 34.1729 34.5821 32.49 30.3978 28.3057 26.2136 30.7627
0 0.656942 -0.160639 -1.85611 -2.25865 -2.7727 -3.09134 -4.40382 -3.4606 -3.29043 2.76333 3.81207 7.51843 8.68181 8.80742 5.22387 3.1376 5.00008 7.23931 10.316 12.1656 11.7969 8.40715 7.45 10.8621 15.0659 20.4525 25.5039 29.119 25.4518 23.3069 22.4848 19.8422 19.8627 16.4759 20.2417 19.6333 18.0872 19.3264 19.0681 16.5673 14.9894 15.398 17.1404 20.7475 20.1119 21.433 22.6224 23.1973 27.7316 31.3083 33.4896 40.3378 40.7863 39.7838 36.961 35.0653 36.751 36.5 35.5412 34.1729 31.742 28.1111 25.6561 25.7767 30.8447
0 0.27416 0.54832 -1.1149 -2.77811 -3.52824 -4.27836 -4.56506 -4.85175 -1.935 0.981753 2.42968 3.87761 6.97937 10.0811 6.2241 2.36706 3.88701 5.40697 7.75154 10.0961 7.19972 4.30331 7.6204 10.9375 14.9535 18.9695 22.0617 25.1539 22.9453 20.7368 20.8757 21.0146 17.4122 13.8098 16.7312 19.6525 20.0619 20.4713 18.4285 16.3857 14.1775 11.9694 16.2802 20.5909 20.8144 21.0379 22.3402 23.6426 26.7439 29.8452 33.8651 37.8849 39.7922 41.6994 39.4423 37.1852 38.2107 39.2362 36.5 33.7638 29.7941 25.8243 25.5821 25.3398 29.1476
0 -0.843663 -0.680097 -1.59252 -3.29757 -5.05357 -5.00195 -4.90845 -6.2429 -4.31812 -2.26865 -3.94333 0.236787 0.235675 4.39605 4.61009 1.59652 3.86084 4.39925 5.71465 8.02659 6.91345 6.41296 8.96492 11.0128 14.7677 16.5627 19.0156 21.1888 20.0455 20.5141 23.3929 22.1869 21.1947 17.6674 18.654 19.6716 17.5486 19.1639 18.9963 16.204 15.8179 15.0597 17.498 20.4343 21.648 21.7216 22.6352 24.0878 26.1254 29.3007 32.4967 35.432 39.8937 39.4507 42.6441 39.3051 40.1606 38.2107 34.7404 33.3546 30.0881 27.265 25.3899 24.9029 27.1152
0 -0.954256 -1.90851 -2.86277 -3.81703 -4.77128 -5.72554 -6.67979 -7.63405 -6.57655 -5.51904 -4.46154 -3.40404 -2.34653 -1.28903 -0.231526 0.825978 2.10875 3.39152 4.6743 5.95707 7.23984 8.52261 9.80539 11.0882 12.622 14.1559 15.6898 17.2237 18.7576 20.2915 21.8254 23.3592 22.4421 21.525 20.6079 19.6908 18.7737 17.8565 16.9394 16.0223 17.0862 18.15 19.2139 20.2777 21.3416 22.4054 23.4693 24.5331 26.6446 28.7561 30.8676 32.979 35.0905 37.202 39.3135 41.4249 39.3051 37.1852 35.0653 32.9455 30.8256 28.7058 26.5859 24.466 24.2058
0 -0.389623 1.19902 -3.62765 -3.05796 -3.76775 -6.78061 -6.87431 -7.01344 -7.03052 -3.40933 -0.671949 -4.61542 -3.68031 -4.87096 -3.16719 0.055438 0.296275 2.31707 3.53688 5.54412 7.48809 9.51422 8.41245 11.4146 11.7186 13.5833 15.5724 17.3664 20.6017 21.797 22.9888 24.5316 26.9623 25.6071 23.8683 23.976 18.3808 19.2402 19.9675 17.8216 16.8118 17.3105 17.5723 15.2286 17.4124 17.7141 22.1228 24.9784 29.2441 28.7845 30.5269 32.5046 31.4045 34.1612 36.8803 39.3135 37.1621 36.9897 33.6234 29.3452 28.7508 25.8485 25.2591 24.0291 22.4372
0 2.15327 4.30654 1.00382 -2.29889 -5.06729 -7.83568 -7.11426 -6.39283 -3.84622 -1.29961 -3.5632 -5.8268 -7.13984 -8.45289 -4.58399 -0.715102 0.263757 1.24262 3.1869 5.13118 7.8185 10.5058 11.1234 11.7411 12.3759 13.0107 15.2599 17.5091 20.4058 23.3026 24.5032 25.7039 27.6966 29.6893 28.9752 28.2612 24.4425 20.6238 20.1223 19.6209 18.0459 16.471 13.3252 10.1795 11.6011 13.0227 19.2232 25.4237 27.1183 28.8129 30.4216 32.0303 31.5754 31.1205 34.1612 37.202 36.9981 36.7943 31.2696 25.7449 24.368 22.9912 23.2917 23.5922 21.6846
0 0.203788 1.95808 1.30999 -1.53983 -5.49347 -5.40093 -5.35915 -5.77222 -3.57146 -4.0001 -4.9456 -7.03818 -5.22337 -6.85288 -5.4239 -1.48564 1.67418 1.13358 2.58664 4.71823 6.33377 9.42773 8.00679 12.0675 13.7585 14.0525 15.5706 17.6517 20.7275 23.112 28.0885 26.8762 28.8952 31.0647 33.8628 32.5464 27.0774 25.3247 24.2469 21.4202 19.0621 14.0607 8.36057 5.13037 12.5048 13.1102 19.9773 25.869 26.6194 28.7554 29.1513 31.5559 32.8878 31.5754 32.6694 35.0905 31.5166 31.278 26.5036 22.1445 21.2219 21.8113 23.4532 23.1553 23.4242
0 -0.195191 -0.390381 -0.585572 -0.780763 -1.87347 -2.96619 -4.0589 -5.15161 -5.9261 -6.70059 -7.47508 -8.24956 -6.75122 -5.25287 -3.75453 -2.25618 -0.615815 1.02455 2.66492 4.30528 6.32745 8.34962 10.3718 12.394 13.7441 15.0942 16.4443 17.7944 20.358 22.9215 25.485 28.0486 30.2443 32.4401 34.6359 36.8317 33.4286 30.0256 26.6225 23.2195 17.4349 11.6504 5.86581 0.0812607 6.63951 13.1978 19.756 26.3142 27.5061 28.6979 29.8897 31.0815 31.5559 32.0303 32.5046 32.979 29.3703 25.7616 22.1529 18.5442 19.5878 20.6313 21.6749 22.7185 25.8203
0 -0.437076 -2.31616 -3.07438 -0.919218 -1.69425 -1.68894 -2.14748 -4.531 -4.97439 -5.17211 -5.94349 -7.18811 -4.09964 -3.82194 -2.92927 -3.02672 -2.24023 -0.200399 2.60958 4.27414 6.46734 8.05866 9.06283 12.7204 12.7851 13.9691 17.6208 19.1505 22.1901 24.9605 25.2218 29.2209 29.7796 28.896 34.0458 35.5181 32.9397 32.1317 28.4231 25.0188 20.6278 13.7008 8.6683 7.37494 16.224 18.8206 23.2732 26.7595 31.3427 30.8421 30.6125 29.8897 27.6581 30.6191 29.8476 30.8676 25.6626 24.938 22.5581 19.5962 21.3216 20.4936 23.2441 22.2816 23.2073
0 -2.12097 -4.24193 -2.6498 -1.05767 -0.734683 -0.411693 -2.16104 -3.91039 -3.77701 -3.64363 -4.88515 -6.12666 -4.25883 -2.39101 -3.09413 -3.79726 -2.6113 -1.42535 1.40883 4.243 6.00535 7.7677 10.4073 13.0469 12.9454 12.8439 16.6753 20.5066 23.753 26.9995 28.6963 30.3932 27.8725 25.3518 29.7782 34.2045 34.2212 34.2379 30.528 26.818 21.2846 15.7512 15.2099 14.6686 19.556 24.4434 25.8241 27.2048 30.0955 32.9862 30.8421 28.6979 28.9529 29.2079 28.982 28.7561 26.4352 24.1144 22.3812 20.6481 20.502 20.3558 21.1002 21.8447 23.5051
0 -1.53785 -2.45461 -1.53589 -1.19613 -0.734375 -1.20678 -2.24283 -3.28978 -2.02345 -3.49005 -3.22497 -5.06521 -2.9195 -3.53103 -3.75636 -4.5678 -2.20757 -1.00208 1.54376 4.21186 6.3138 8.35397 10.5186 13.3733 16.0093 15.6516 19.5473 21.8627 25.8888 27.4889 29.669 31.5656 33.1701 28.7547 30.774 32.8909 31.5691 32.6174 33.0615 28.6173 26.3013 22.7937 19.2706 21.9623 23.5565 26.5595 27.5004 27.6501 29.652 30.0955 26.5337 27.5061 27.2616 27.3158 26.9542 26.6446 25.4255 23.8785 20.8309 21.7001 18.9407 21.1086 21.8743 21.4078 24.557
0 -0.333646 -0.667292 -1.00094 -1.33458 -1.66823 -2.00188 -2.33552 -2.66917 -3.00282 -3.33646 -3.67011 -4.00375 -4.3374 -4.67105 -5.00469 -5.33834 -2.95857 -0.57881 1.80095 4.18072 6.56048 8.94025 11.32 13.6998 16.0795 18.4593 20.8391 23.2188 25.5986 27.9784 30.3581 32.7379 32.4477 32.1576 31.8674 31.5773 31.2871 30.9969 30.7068 30.4166 30.1265 29.8363 29.5462 29.256 28.9658 28.6757 28.3855 28.0954 27.6501 27.2048 26.7595 26.3142 25.869 25.4237 24.9784 24.5331 24.0878 23.6426 23.1973 22.752 22.3067 21.8614 21.4162 20.9709 24.4503
0 -3.06955 -0.947766 -2.37603 0.205795 -1.07345 -0.683001 -0.228419 -3.08824 -5.78998 -3.09027 -3.36307 -1.802 -5.17009 -6.07934 -3.51429 -3.39547 -0.820641 0.0581902 0.541545 7.07873 6.27323 8.55566 13.515 17.6041 17.1218 20.2486 20.5367 22.6332 26.0078 28.4296 30.6674 33.9102 31.7169 30.9674 31.0035 34.4532 32.0121 31.1767 30.5077 30.7508 30.4898 29.236 28.6199 27.8031 27.5411 29.7183 29.0122 28.3855 27.8253 29.44 30.3642 30.6688 29.8725 30.0605 27.0369 26.6106 26.3499 26.4067 25.8821 24.1897 21.6152 21.3006 21.3176 20.534 21.3182
0 -0.614119 -1.22824 0.258968 1.74618 1.19103 0.635875 -1.43571 -3.5073 -3.17569 -2.84408 -1.22216 0.399758 -3.54394 -7.48764 -4.47012 -1.4526 -0.378703 0.695191 5.33597 9.97675 9.07391 8.17107 14.8397 21.5084 21.7731 22.0379 22.0427 22.0476 25.4642 28.8809 31.9817 35.0826 32.4299 29.7772 33.5532 37.3291 34.3428 31.3565 31.2208 31.0851 29.8603 28.6356 27.4929 26.3502 28.5555 30.7609 29.7183 28.6757 30.1754 31.6752 33.3493 35.0234 34.8603 34.6972 31.6927 28.6882 28.9295 29.1709 27.3992 25.6274 23.1836 20.7398 20.4184 20.0971 22.2065
0 1.56521 0.592614 0.845914 3.28656 0.923942 0.438313 -1.68382 -3.92637 -3.66284 -1.30758 0.141069 2.60151 -1.00408 -1.93472 -0.727026 0.490274 3.65631 4.89908 9.31046 12.8748 15.7648 15.358 18.7755 25.4127 22.9803 23.5673 23.0963 21.462 23.8843 29.0163 32.4067 36.2549 35.0106 35.0157 37.6614 40.205 37.2199 34.3869 33.5896 31.4193 31.1418 28.1173 27.1307 24.8973 27.4419 28.5555 26.8535 28.9658 31.27 34.0847 35.3595 39.3779 35.3818 36.4925 35.2614 30.7657 32.0023 29.922 29.4219 27.0651 25.4932 22.3014 20.1676 19.6602 22.6964
0 1.20673 2.41347 3.6202 4.82694 2.53384 0.240751 -2.05234 -4.34543 -2.05826 0.228918 2.51609 4.80327 4.21074 3.61821 3.02568 2.43314 5.76805 9.10296 12.4379 15.7728 19.1588 22.5449 25.9309 29.317 27.2068 25.0967 22.9865 20.8764 25.0141 29.1518 33.2895 37.4272 38.8407 40.2541 41.6675 43.081 40.2491 37.4172 34.5854 31.7535 29.6762 27.5989 25.5217 23.4444 24.8973 26.3502 27.8031 29.256 32.8751 36.4942 40.1133 43.7325 41.0101 38.2878 35.5655 32.8432 31.7581 30.673 29.5879 28.5028 26.1829 23.8631 21.5432 19.2233 21.9427
0 1.15468 1.98659 1.68095 2.86749 1.92165 1.29025 -3.19119 -4.7645 -1.54136 -1.0702 1.81243 4.12532 4.39473 4.66805 2.95568 4.37602 5.21475 10.8837 12.8573 18.7219 23.2365 26.0905 28.0243 33.2213 31.1789 31.1719 30.6359 26.5386 27.7284 31.8582 35.3801 38.5995 38.3385 39.606 40.3914 41.7116 40.8985 37.2546 35.2847 32.0877 33.4291 31.3232 28.3282 25.5217 26.8015 29.1293 28.808 29.5462 32.2809 37.2195 38.7452 41.7456 39.782 37.8241 35.3773 34.9207 33.5955 34.5948 31.0417 28.7057 26.0136 23.4356 21.5597 18.7864 20.3934
0 0.779858 1.55972 1.23388 0.908043 1.6239 2.33976 -1.42191 -5.18357 -3.77644 -2.36931 0.539029 3.44737 4.58263 5.71788 6.01838 6.31889 9.49171 12.6645 17.1678 21.6711 25.6536 29.6361 33.3808 37.1256 37.1863 37.2471 34.724 32.2009 33.3827 34.5645 37.1682 39.7719 39.3649 38.958 39.6501 40.3422 38.7171 37.092 34.757 32.4219 33.7347 35.0474 31.3232 27.5989 29.7537 31.9085 30.8724 29.8363 33.8906 37.9448 38.8518 39.7587 38.5595 37.3604 37.1793 36.9982 37.7574 38.5166 33.7126 28.9087 25.9584 23.0081 20.6788 18.3495 18.8412
