p5_lighting/grds/smoothMount.dem.grd
ncols 129
nrows 129
xllcorner 0
yllcorner 0
cellsize 2
[rows 30 to 59 of 129, columns 0 to 66 of 129]
0 2.60237 5.0962 7.29807 9.10498 10.7023 12.4852 14.6776 17.1334 19.6273 22.0247 24.3933 26.8369 29.3707 31.7803 33.8889 35.7753 37.739 40.0419 42.7582 45.6396 48.4101 51.0628 53.7001 56.237 58.4123 60.2085 61.9161 63.8958 66.2626 68.8254 70.9446 71.8825 71.3001 69.8084 68.2154 66.9294 65.9445 65.2146 64.6837 64.1147 63.4444 62.8042 62.174 61.246 59.76 57.8767 55.918 54.0908 52.4105 50.8062 49.4016 48.4335 48.0299 47.8804 47.6373 47.1578 46.4092 45.3178 43.7877 41.8833 39.7486 37.6534 35.9271 34.7696 34.2474 34.2448
0 2.56408 5.07247 7.35575 9.32962 11.1665 13.2144 15.6138 18.2113 20.8006 23.2574 25.6586 28.0819 30.6073 33.0563 35.3032 37.3358 39.3909 41.6948 44.3061 47.047 49.7084 52.3059 54.9136 57.4737 59.8039 61.8915 63.892 66.0504 68.4634 71.0419 73.1702 74.1587 73.7469 72.4968 71.1078 69.8381 68.6957 67.6881 66.8279 65.9577 65.0025 64.0388 63.0851 61.9551 60.5182 58.8896 57.2597 55.7231 54.245 52.7872 51.4402 50.3734 49.6047 48.8978 48.1165 47.2465 46.2793 45.0752 43.5831 41.8872 40.1002 38.3735 36.8694 35.6951 34.8836 34.4138
0 2.46592 4.92028 7.25103 9.41832 11.5625 13.8907 16.4329 19.0536 21.6009 23.9994 26.2888 28.5801 30.9799 33.4719 35.9423 38.2803 40.5327 42.8404 45.2975 47.8563 50.4371 53.0378 55.6638 58.2374 60.6353 62.8716 65.0735 67.4167 69.9305 72.4882 74.5573 75.5973 75.3891 74.4457 73.2684 72.1042 70.9259 69.7752 68.6939 67.6198 66.4856 65.2991 64.0352 62.639 61.0995 59.5552 58.1415 56.8631 55.6308 54.3936 53.1816 52.0393 50.923 49.7391 48.4849 47.2443 46.0098 44.7002 43.3031 41.9121 40.5873 39.29 38.0139 36.8182 35.8255 35.0806
0 2.35714 4.6992 6.9657 9.21989 11.5824 14.1585 16.839 19.473 21.9113 24.1037 26.157 28.2184 30.5067 33.0778 35.8027 38.4122 40.7746 43 45.2746 47.6888 50.2588 52.975 55.732 58.3742 60.7554 62.9687 65.1877 67.6412 70.2443 72.7903 74.7566 75.7902 75.7764 75.1443 74.2836 73.3459 72.2995 71.1655 70.0122 68.8553 67.6529 66.3555 64.9009 63.2548 61.4853 59.8427 58.5032 57.4396 56.4816 55.538 54.5339 53.4027 52.0601 50.5201 48.8807 47.2944 45.8172 44.4199 43.1021 41.9898 41.076 40.1863 39.1393 38.0116 37.0486 36.3549
0 2.23698 4.40726 6.53886 8.77924 11.2931 14.0732 16.9111 19.5509 21.8135 23.7161 25.4595 27.3422 29.6244 32.356 35.3071 38.0609 40.3979 42.4588 44.5346 46.8386 49.4725 52.4033 55.3969 58.1368 60.4636 62.5349 64.6318 67.005 69.5877 72.0886 74.0034 75.0581 75.2346 74.9353 74.4364 73.8268 73.0035 71.9975 70.8802 69.7048 68.4671 67.1441 65.632 63.8546 61.9072 60.1041 58.7276 57.7627 57.0408 56.3886 55.6275 54.5701 53.0886 51.2667 49.2951 47.4224 45.768 44.307 43.0474 42.0988 41.4649 40.8619 40.0602 39.1713 38.4901 38.1384
0 2.07132 4.06041 6.05809 8.30428 10.9421 13.904 16.8675 19.489 21.5578 23.1642 24.675 26.4861 28.8773 31.7854 34.861 37.628 39.8733 41.7674 43.6797 45.8957 48.6043 51.7443 54.9438 57.7597 59.9977 61.9008 63.7967 65.9693 68.3561 70.732 72.6466 73.8498 74.3037 74.3573 74.2324 73.9475 73.3912 72.5636 71.5497 70.3997 69.1441 67.8089 66.2753 64.4618 62.4454 60.5396 59.0402 58.0387 57.44 57.0111 56.4472 55.4382 53.8407 51.8006 49.6279 47.6074 45.8835 44.3906 43.1212 42.2118 41.6609 41.2472 40.7367 40.2547 40.0241 40.1049
0 1.91248 3.77984 5.75583 8.0612 10.8049 13.8543 16.8726 19.4655 21.3946 22.8345 24.2478 26.0948 28.596 31.5868 34.6502 37.3306 39.4786 41.2935 43.1426 45.3344 48.0684 51.2777 54.5525 57.362 59.493 61.2325 62.9839 64.9628 67.0952 69.2498 71.151 72.5303 73.2684 73.6261 73.8233 73.899 73.6851 73.1404 72.2701 71.1743 69.9163 68.5317 66.9067 65.0122 62.9564 60.9775 59.3574 58.2647 57.706 57.393 56.8813 55.8134 54.0966 51.9534 49.7472 47.7821 46.1469 44.7115 43.4516 42.4816 41.9072 41.5786 41.3641 41.2629 41.3862 41.7562
0 1.85654 3.73864 5.81235 8.21934 10.9752 13.9942 16.9748 19.5568 21.4723 22.9395 24.4152 26.3355 28.8359 31.7219 34.6256 37.1723 39.271 41.1218 43.054 45.2998 47.9886 51.0949 54.2711 56.992 58.978 60.5792 62.2444 64.1124 66.0297 67.9482 69.7475 71.1897 72.0755 72.6408 73.1295 73.5921 73.8328 73.6572 72.9873 71.9769 70.7386 69.2891 67.4824 65.4062 63.219 61.1636 59.4637 58.3288 57.7657 57.3991 56.7544 55.5234 53.7616 51.6887 49.6574 47.9005 46.5118 45.2515 44.0872 43.1172 42.4799 42.1878 42.1158 42.2152 42.4589 42.9171
0 1.95148 3.99686 6.25311 8.75596 11.4762 14.3667 17.2428 19.7928 21.7835 23.4077 25.0448 27.0198 29.4009 32.0422 34.6957 37.1271 39.2567 41.238 43.335 45.6915 48.3298 51.2429 54.2121 56.779 58.6431 60.1361 61.7214 63.4844 65.2291 66.9515 68.6044 69.9615 70.8667 71.5404 72.2376 73.0231 73.656 73.8738 73.4822 72.6271 71.4225 69.8844 67.9114 65.6677 63.3688 61.2235 59.4603 58.2509 57.5589 56.9825 56.0893 54.7328 53.0342 51.1678 49.3821 47.8963 46.7815 45.8294 44.9277 44.1119 43.528 43.2094 43.1396 43.2224 43.4402 43.8818
0 2.18426 4.45172 6.886 9.4496 12.1123 14.8671 17.5872 20.0839 22.1718 24.009 25.8063 27.7763 29.9447 32.2928 34.7138 37.1128 39.406 41.6596 44.0114 46.5098 49.073 51.7073 54.3321 56.6747 58.4592 59.9173 61.4187 63.0463 64.6511 66.2102 67.6714 68.8754 69.7436 70.5027 71.3286 72.2535 73.0771 73.5609 73.4597 72.8067 71.6056 69.9827 67.9482 65.7361 63.4756 61.3468 59.5047 58.1259 57.1696 56.2754 55.1791 53.7723 52.2222 50.5967 49.1082 47.8777 47.03 46.3662 45.785 45.2513 44.8198 44.5361 44.3901 44.4119 44.5905 45.0187
0 2.35393 4.78458 7.33891 9.98769 12.6591 15.3031 17.8695 20.2601 22.4125 24.4237 26.3569 28.2572 30.1783 32.2468 34.5442 37.0327 39.6447 42.3483 45.0932 47.7436 50.1326 52.3232 54.4381 56.4324 58.1278 59.6069 61.0889 62.6455 64.168 65.5947 66.8494 67.8765 68.7161 69.5344 70.4278 71.3932 72.2716 72.8871 72.9551 72.388 71.1602 69.4921 67.5471 65.556 63.5655 61.581 59.6853 58.0487 56.7481 55.5966 54.3911 53.0258 51.5802 50.1574 48.9421 48.0069 47.3773 46.9439 46.6399 46.3965 46.1897 45.9923 45.829 45.806 46.0124 46.4036
0 2.35716 4.80522 7.4245 10.1544 12.8865 15.4961 17.9398 20.2066 22.3535 24.4722 26.5328 28.392 30.0937 31.9583 34.2192 36.9294 39.9841 43.2945 46.5712 49.4025 51.4868 53.0088 54.4013 55.8795 57.3839 58.8855 60.4566 62.086 63.6345 64.973 66.0316 66.8763 67.6672 68.5334 69.4955 70.511 71.4179 72.0088 71.9862 71.3196 70.0466 68.4538 66.6864 65.0168 63.3902 61.6917 59.8385 58.0513 56.5544 55.2807 54.0944 52.7789 51.4035 50.1193 49.1721 48.4929 48.0254 47.7194 47.5957 47.5747 47.5319 47.4136 47.2245 47.2009 47.424 47.7688
0 2.25473 4.654 7.26715 10.0271 12.7868 15.3987 17.7855 19.9567 22.0638 24.2644 26.4585 28.3877 30.0431 31.7742 34.0228 36.9343 40.4717 44.4278 48.2792 51.2972 52.9951 53.7366 54.2656 55.1198 56.3552 57.8689 59.5807 61.3285 62.9109 64.1663 65.0702 65.8025 66.5744 67.497 68.5325 69.5777 70.4273 70.8401 70.5921 69.7814 68.5497 67.1084 65.5808 64.1811 62.8854 61.4605 59.7738 58.0448 56.555 55.3416 54.2454 53.0498 51.7743 50.6395 49.8651 49.3411 48.9601 48.7493 48.7485 48.8319 48.8444 48.7055 48.4797 48.4199 48.6171 48.8407
0 2.25429 4.62504 7.16779 9.82254 12.4931 15.0553 17.4256 19.5817 21.7203 23.9848 26.2906 28.3465 30.1036 31.83 34.0244 37.0027 40.8548 45.3123 49.6127 52.7535 54.1093 54.1496 53.9088 54.1885 55.1877 56.738 58.5428 60.3283 61.8291 62.9707 63.8096 64.5299 65.3388 66.306 67.3801 68.3696 69.0182 69.1502 68.7127 67.8814 66.7785 65.5567 64.2694 63.1008 61.9862 60.7838 59.3634 57.9117 56.65 55.6062 54.6726 53.67 52.6133 51.6624 50.991 50.4993 50.1625 50.0094 50.0323 50.0768 50.0056 49.791 49.5296 49.4228 49.4979 49.5581
0 2.34816 4.73314 7.18113 9.68192 12.1927 14.6353 16.9468 19.1407 21.3367 23.6494 25.9998 28.1612 30.0574 31.8521 33.9929 36.8628 40.7029 45.2768 49.7139 52.8545 54.002 53.6954 53.0359 53.0033 53.8867 55.48 57.3377 59.0149 60.3122 61.3072 62.1544 62.9643 63.7804 64.7186 65.7734 66.6936 67.1497 67.0727 66.5652 65.8223 64.9086 63.9185 62.904 61.9269 60.9477 59.8976 58.762 57.6488 56.6641 55.8411 55.1111 54.3496 53.5397 52.7718 52.1695 51.7362 51.4693 51.3459 51.3033 51.185 50.9375 50.6381 50.418 50.2981 50.2206 50.1112
0 2.41431 4.79922 7.17576 9.55143 11.9305 14.2405 16.4674 18.6415 20.8503 23.1543 25.5027 27.7064 29.7034 31.5761 33.7109 36.3335 39.7704 43.8976 48.0205 51.0009 52.1786 52.0048 51.4729 51.4895 52.3697 53.9596 55.7588 57.3061 58.4111 59.3372 60.2799 61.1748 61.9097 62.6889 63.6635 64.5576 64.9589 64.8214 64.3307 63.6975 62.9597 62.2235 61.4733 60.7332 59.9175 59.0662 58.2171 57.4169 56.6743 56.0339 55.4854 54.9378 54.3309 53.7153 53.2301 52.8983 52.7165 52.5981 52.4645 52.1584 51.7187 51.3446 51.2189 51.1399 50.9728 50.7543
0 2.36686 4.71399 7.03464 9.3418 11.6321 13.8608 16.0113 18.1268 20.2908 22.5588 24.8857 27.1025 29.1425 31.1042 33.2135 35.5648 38.3713 41.6969 45.1175 47.7778 49.1138 49.4229 49.4236 49.7838 50.772 52.2896 53.9779 55.4174 56.4793 57.4469 58.505 59.4467 60.0574 60.6277 61.4231 62.2245 62.5984 62.5007 62.0995 61.5968 61.0609 60.564 60.0875 59.5881 59.012 58.4135 57.852 57.3212 56.7775 56.2662 55.8463 55.4485 54.9942 54.528 54.1728 53.9504 53.82 53.7173 53.5401 53.1372 52.5894 52.1959 52.1197 52.092 51.8991 51.6746
0 2.30833 4.59441 6.83757 9.02168 11.2031 13.3698 15.5003 17.6041 19.7458 21.9969 24.3137 26.5224 28.6036 30.6052 32.6884 34.7586 36.9808 39.4572 42.0604 44.2604 45.6876 46.5075 47.1513 48.0015 49.1786 50.623 52.1739 53.5969 54.7819 55.9104 57.0501 58.0072 58.5577 58.9977 59.586 60.1966 60.4948 60.4376 60.1518 59.8393 59.5225 59.2837 59.0239 58.7403 58.3788 58.0009 57.6552 57.3202 56.9341 56.5223 56.1477 55.8321 55.503 55.2115 55.005 54.8579 54.7393 54.618 54.4414 54.0816 53.6342 53.3274 53.2831 53.2595 53.1 52.8844
0 2.33135 4.57698 6.66792 8.63344 10.6034 12.688 14.859 17.0218 19.2008 21.4773 23.8114 26.0221 28.0572 30.0346 32.0209 33.9167 35.729 37.6183 39.5862 41.3616 42.717 43.8065 44.9288 46.2226 47.6102 49.0201 50.4787 51.957 53.3549 54.6689 55.8697 56.8205 57.4111 57.8732 58.4186 58.9709 59.2443 59.2206 59.0547 58.9477 58.9172 58.8921 58.7628 58.5367 58.2393 57.9178 57.601 57.3124 57.0076 56.6627 56.2973 55.9568 55.6826 55.5333 55.4937 55.4568 55.3312 55.1454 54.952 54.7502 54.5741 54.4966 54.529 54.5439 54.4135 54.1374
0 2.43034 4.65361 6.58058 8.26555 9.96778 11.9174 14.1159 16.3696 18.6316 21.004 23.4454 25.6809 27.6161 29.4163 31.2586 33.0094 34.6117 36.2289 37.9189 39.4632 40.6377 41.7215 43.0194 44.5631 46.065 47.4493 48.8573 50.4054 51.9752 53.4462 54.7097 55.7396 56.4941 57.2325 58.0814 58.8916 59.3057 59.3253 59.1999 59.25 59.4337 59.5834 59.4528 59.1234 58.6848 58.2036 57.7048 57.2808 56.9148 56.5458 56.1055 55.6942 55.4058 55.3736 55.5252 55.6271 55.5075 55.205 54.9688 54.9209 55.0642 55.3146 55.5497 55.6712 55.5104 55.0058
0 2.43407 4.62088 6.4346 7.96532 9.49185 11.2956 13.4451 15.7514 18.1366 20.67 23.2625 25.5527 27.3465 28.909 30.5153 32.1364 33.6739 35.2769 36.9706 38.4548 39.4974 40.4303 41.6513 43.1504 44.609 45.9406 47.308 48.858 50.493 52.0585 53.4596 54.6998 55.8322 57.073 58.4642 59.6974 60.3207 60.3764 60.245 60.3209 60.5971 60.797 60.6291 60.1351 59.4534 58.6891 57.9016 57.2391 56.7138 56.2091 55.6746 55.2075 54.9645 55.0316 55.3287 55.5401 55.4049 55.0034 54.6936 54.732 55.1401 55.7436 56.2747 56.4974 56.1752 55.2818
0 2.24374 4.31031 6.11006 7.6873 9.23081 10.9593 12.983 15.2728 17.7782 20.4869 23.1796 25.4682 27.1592 28.5107 29.8895 31.3721 32.9371 34.6462 36.4065 37.9026 38.9091 39.75 40.7561 42.0091 43.2827 44.5419 45.868 47.361 48.9619 50.5601 52.1034 53.6621 55.3025 57.1552 59.0955 60.711 61.5284 61.654 61.5204 61.5449 61.7254 61.8657 61.6703 61.1088 60.2312 59.1815 58.0868 57.1692 56.438 55.7891 55.1742 54.7274 54.5913 54.7785 55.1765 55.4407 55.3326 54.8942 54.5384 54.6038 55.1796 56.0976 56.9085 57.2262 56.6927 55.4137
0 1.90442 3.79152 5.61683 7.37071 9.08426 10.8231 12.7156 14.9284 17.5184 20.3123 22.934 25.0564 26.6 27.8477 29.1179 30.5679 32.2102 34.0011 35.7637 37.2433 38.3298 39.1986 40.0483 40.9974 42.0649 43.2432 44.5465 45.9833 47.5324 49.1189 50.762 52.5395 54.5606 56.8614 59.2209 61.1601 62.2357 62.5793 62.585 62.5976 62.6258 62.5972 62.3434 61.77 60.8103 59.5645 58.2365 57.0993 56.2379 55.5263 54.9038 54.4455 54.3288 54.5742 55.0461 55.4198 55.441 55.1274 54.8291 54.9344 55.6193 56.7211 57.7506 58.1871 57.627 56.1755
0 1.58917 3.29955 5.1143 7.00756 8.86615 10.6472 12.4186 14.5433 17.1169 19.8565 22.2345 24.0622 25.4479 26.6894 28.0399 29.5778 31.3033 33.0918 34.7656 36.1975 37.3861 38.3737 39.1881 39.9567 40.8853 42.0197 43.3321 44.7436 46.2514 47.802 49.4403 51.2499 53.3584 55.838 58.4773 60.7662 62.2714 63.0472 63.3949 63.5156 63.4132 63.1448 62.7049 62.0638 61.0745 59.7573 58.302 57.0649 56.1876 55.5481 54.9747 54.4719 54.2499 54.4221 54.9348 55.468 55.7464 55.7209 55.6341 55.8534 56.5843 57.741 58.8439 59.4393 59.0819 57.7964
0 1.42222 3.00028 4.75458 6.63268 8.51255 10.2646 11.954 13.9451 16.3807 18.9046 21.0061 22.5979 23.9155 25.2567 26.765 28.4373 30.1853 31.8806 33.4094 34.7624 36.0084 37.1136 37.9999 38.773 39.691 40.8401 42.1681 43.5728 45.049 46.5684 48.1686 49.9085 51.9612 54.4378 57.2067 59.7982 61.778 63.1358 63.9787 64.3557 64.1866 63.6407 62.9043 62.0769 61.0318 59.7052 58.2531 57.0387 56.2604 55.7514 55.2887 54.8045 54.4883 54.5356 54.986 55.6118 56.1456 56.4744 56.7228 57.14 57.9293 59.0513 60.1278 60.7801 60.6557 59.6763
0 1.38611 2.89153 4.52072 6.26547 8.00813 9.67769 11.2964 13.1451 15.3128 17.5262 19.4216 20.969 22.3828 23.8771 25.5247 27.2342 28.8952 30.4223 31.8272 33.1328 34.41 35.5718 36.5923 37.5111 38.5763 39.7951 41.1391 42.5156 43.9389 45.4025 46.9288 48.6099 50.6025 53.0087 55.7319 58.4213 60.7827 62.6937 64.0935 64.7786 64.5864 63.796 62.7513 61.7058 60.5563 59.263 57.9372 56.8948 56.2828 55.9519 55.6759 55.3661 55.1319 55.1033 55.4032 55.9384 56.5737 57.2107 57.8452 58.5839 59.4987 60.5781 61.5003 62.0359 61.9216 61.2004
0 1.38839 2.84201 4.3812 5.97326 7.55155 9.07647 10.6313 12.3493 14.2548 16.1785 17.934 19.4982 21.0078 22.6101 24.3228 25.9952 27.4849 28.8408 30.2058 31.5935 32.9129 34.0819 35.1733 36.3197 37.6212 38.9893 40.3317 41.6459 42.9915 44.3607 45.7744 47.3452 49.2307 51.4484 53.9449 56.5656 59.1456 61.5366 63.3977 64.3536 64.1655 63.2303 62.0081 60.8028 59.5921 58.3949 57.3392 56.6027 56.2501 56.1362 56.0996 56.0274 55.9418 55.9135 56.0686 56.4403 57.0493 57.8837 58.9492 60.1477 61.3323 62.3806 63.0658 63.2939 63.0105 62.3716
0 1.38717 2.82615 4.35346 5.87874 7.30688 8.66355 10.1199 11.7427 13.5045 15.2382 16.8524 18.3341 19.79 21.398 23.1222 24.7573 26.1134 27.3946 28.8607 30.416 31.8064 32.9071 33.9959 35.2781 36.8304 38.3647 39.7214 40.9433 42.1843 43.4329 44.6568 45.991 47.5684 49.4313 51.5966 54.0773 56.8142 59.5291 61.6871 62.7828 62.616 61.6716 60.4415 59.2579 58.1326 57.1905 56.5492 56.2538 56.2502 56.4136 56.6207 56.7536 56.7874 56.7763 56.8909 57.1648 57.7438 58.7576 60.2535 61.9504 63.4026 64.3895 64.7487 64.623 64.0991 63.4618
0 1.41656 2.90988 4.49015 6.01469 7.33191 8.50313 9.79373 11.3144 12.9836 14.6201 16.107 17.4543 18.7995 20.3435 22.0571 23.6647 25.0072 26.3623 27.9696 29.6359 30.9933 31.9997 32.9867 34.2841 35.9416 37.618 39.0246 40.2043 41.3519 42.486 43.5272 44.5431 45.7041 47.1 48.8745 51.1622 53.9437 56.8523 59.1893 60.4066 60.3296 59.4729 58.3726 57.3659 56.5293 55.9752 55.8137 55.9724 56.3431 56.802 57.2425 57.5294 57.6293 57.6601 57.8108 58.1463 58.8516 60.1396 62.0026 63.9707 65.4742 66.2748 66.3535 65.9588 65.2982 64.6039
0 1.57537 3.17785 4.80276 6.27982 7.50432 8.52305 9.64532 11.0134 12.5701 14.0992 15.4742 16.7416 18.016 19.5352 21.1741 22.7701 24.1835 25.689 27.385 29.0088 30.2663 31.1477 32.0371 33.2431 34.8614 36.5695 38.0504 39.2351 40.3056 41.328 42.2442 43.0703 43.9187 44.928 46.2947 48.2625 50.9024 53.8242 56.3154 57.7209 57.8419 57.1467 56.2254 55.4936 55.0657 54.989 55.2596 55.76 56.4061 57.1101 57.7856 58.2799 58.5338 58.6608 58.9038 59.4061 60.4269 62.0401 64.0662 65.9469 67.2023 67.7538 67.655 67.1943 66.5012 65.7815
