p5_lighting/grds/smoothMount.dem.grd
ncols 129
nrows 129
xllcorner 0
yllcorner 0
cellsize 2
[rows 90 to 119 of 129, columns 0 to 66 of 129]
0 0.311351 0.416128 0.191539 -0.372406 -1.27218 -2.46389 -3.79618 -5.02784 -6.02717 -6.97299 -7.94591 -8.80053 -9.31162 -9.60305 -9.82923 -10.0072 -10.1472 -10.4425 -11.0592 -11.9565 -12.997 -14.0752 -14.9899 -15.4691 -15.1874 -14.1772 -12.7385 -11.2824 -9.97002 -8.80968 -7.57266 -5.92417 -3.66772 -1.08992 1.41147 3.6139 5.59737 7.53015 9.51885 11.5016 13.4171 15.3719 17.4075 19.3487 21.0248 22.5307 24.046 25.62 27.1971 28.8076 30.4826 32.1658 33.6941 34.9937 36.047 36.885 37.4745 37.8285 38.1026 38.5974 39.5379 40.7908 41.8009 41.9771 41.2026 40.0818
0 0.541191 0.909015 0.94112 0.527587 -0.41781 -1.81418 -3.37866 -4.84818 -6.04074 -7.13535 -8.16812 -9.02102 -9.44809 -9.60998 -9.69317 -9.76733 -9.81485 -9.98376 -10.428 -11.1877 -12.1923 -13.3394 -14.3529 -14.9234 -14.7518 -13.8981 -12.716 -11.579 -10.6151 -9.79373 -8.85612 -7.4513 -5.29409 -2.7145 -0.15205 2.04541 3.9367 5.67372 7.41288 9.19202 11.0559 13.084 15.2222 17.2173 18.8479 20.1938 21.5481 23.0883 24.7926 26.5888 28.4038 30.1368 31.5918 32.7863 33.7396 34.5245 35.0909 35.4 35.6631 36.206 37.3259 38.869 40.1918 40.6282 39.9625 38.7793
0 0.597619 1.05479 1.20153 0.85727 -0.149161 -1.64521 -3.29786 -4.79426 -6.06208 -7.22411 -8.26296 -9.01272 -9.3149 -9.37753 -9.43531 -9.54313 -9.6391 -9.76695 -10.0898 -10.7332 -11.7096 -12.8466 -13.8257 -14.3198 -14.1242 -13.4302 -12.5935 -11.8862 -11.3113 -10.8342 -10.2187 -9.07211 -7.08262 -4.54718 -1.97797 0.292268 2.25242 3.94577 5.44115 6.93348 8.65298 10.6743 12.8372 14.8383 16.4568 17.7563 19.0364 20.5529 22.339 24.2685 26.1682 27.8746 29.2576 30.3829 31.3505 32.2376 32.9573 33.4139 33.7251 34.2986 35.5079 37.2382 38.813 39.4955 39.0188 37.8709
0 0.498785 0.85996 0.931009 0.530354 -0.469783 -1.89077 -3.36504 -4.68538 -5.83578 -6.95478 -7.92833 -8.55378 -8.72967 -8.78133 -8.95318 -9.24698 -9.49825 -9.68406 -10.0036 -10.6247 -11.5783 -12.6355 -13.4626 -13.7947 -13.5557 -13.0463 -12.5902 -12.3094 -12.0769 -11.9018 -11.5753 -10.6962 -8.89689 -6.52952 -4.08818 -1.80156 0.319149 2.09158 3.41628 4.60572 6.09666 7.9977 10.0935 12.0756 13.7531 15.1299 16.4568 17.9703 19.7621 21.6991 23.5939 25.2611 26.6273 27.8091 28.9127 30.0853 31.1964 31.9933 32.4631 33.0348 34.2433 36.0159 37.6724 38.4856 38.1665 37.1437
0 0.259586 0.403357 0.291884 -0.203158 -1.12679 -2.29419 -3.44898 -4.47585 -5.42415 -6.39401 -7.25483 -7.79298 -7.9579 -8.08583 -8.43693 -8.92684 -9.34792 -9.6633 -10.0543 -10.6917 -11.5798 -12.499 -13.1646 -13.4044 -13.2411 -12.98 -12.8787 -12.938 -12.9923 -13.0692 -13.0044 -12.3591 -10.7948 -8.69085 -6.4956 -4.29693 -2.10419 -0.25805 1.02391 2.09836 3.44554 5.18684 7.14461 9.07911 10.8247 12.339 13.772 15.31 17.0487 18.9144 20.7497 22.411 23.8544 25.16 26.469 27.934 29.4406 30.6262 31.3574 32.0756 33.309 35.0379 36.6471 37.4906 37.3105 36.4889
0 -0.0515124 -0.185153 -0.465308 -1.01094 -1.74434 -2.61079 -3.41218 -4.20521 -4.9414 -5.7425 -6.45072 -6.95654 -7.21943 -7.53095 -8.03618 -8.64586 -9.1649 -9.55624 -10.0044 -10.6172 -11.4075 -12.1738 -12.744 -13.0427 -13.1151 -13.1817 -13.3737 -13.6858 -13.9424 -14.2134 -14.3174 -13.8665 -12.5483 -10.6981 -8.72059 -6.67552 -4.62655 -2.84018 -1.46243 -0.210534 1.25263 2.93513 4.75559 6.57497 8.32614 9.91722 11.4543 13.0288 14.7598 16.5543 18.3225 19.9508 21.4388 22.8416 24.2715 25.8738 27.5355 28.9397 29.9859 30.9654 32.2971 33.9677 35.541 36.4759 36.5185 35.97
0 -0.34827 -0.729596 -1.16248 -1.67235 -2.21345 -2.79846 -3.37903 -3.96629 -4.52094 -5.10206 -5.65117 -6.13158 -6.54678 -7.05075 -7.68975 -8.33118 -8.80875 -9.13694 -9.52204 -10.1218 -10.8834 -11.5874 -12.1206 -12.5336 -12.9197 -13.3571 -13.8431 -14.2998 -14.6363 -14.9495 -15.1341 -14.8103 -13.6142 -11.7984 -9.81996 -7.94243 -6.22181 -4.68627 -3.23196 -1.6311 0.175023 2.00243 3.72901 5.38016 7.02796 8.60814 10.1521 11.7883 13.6074 15.4608 17.1734 18.7037 20.1095 21.4511 22.8107 24.2587 25.7332 27.0729 28.258 29.4398 30.8348 32.5056 34.1887 35.3893 35.7646 35.5216
0 -0.529795 -1.09557 -1.62839 -2.13179 -2.4861 -2.88124 -3.27202 -3.72325 -4.07263 -4.43468 -4.80567 -5.2527 -5.76867 -6.4424 -7.20878 -7.86242 -8.20667 -8.32069 -8.53263 -9.08718 -9.907 -10.6551 -11.2072 -11.723 -12.3944 -13.2239 -14.0042 -14.5701 -14.8332 -15.047 -15.1949 -14.8517 -13.5153 -11.3789 -9.14662 -7.2918 -5.9338 -4.77426 -3.42079 -1.60132 0.587168 2.65764 4.39464 5.88098 7.41545 8.90019 10.3711 12.0171 14.0059 16.0271 17.7469 19.1263 20.2993 21.3658 22.3847 23.4194 24.4577 25.4438 26.4731 27.5821 28.9524 30.6781 32.6399 34.2291 35.0014 35.0523
0 -0.650831 -1.33172 -1.98239 -2.49877 -2.78482 -2.99054 -3.22594 -3.49438 -3.66494 -3.78013 -3.97981 -4.36229 -4.95667 -5.7652 -6.64505 -7.28885 -7.45923 -7.30522 -7.25485 -7.65538 -8.46177 -9.29067 -9.93938 -10.6073 -11.5727 -12.7887 -13.9117 -14.6093 -14.8115 -14.8874 -14.889 -14.3088 -12.5393 -9.85009 -7.13221 -5.13879 -4.00922 -3.27349 -2.26638 -0.55272 1.74536 4.01917 5.84552 7.32371 8.77424 10.1746 11.5288 13.1498 15.2501 17.4643 19.2855 20.5978 21.5056 22.1629 22.676 23.1678 23.6484 24.127 24.7575 25.6451 26.9822 28.8729 31.1327 33.0732 34.1562 34.4899
0 -0.709848 -1.47405 -2.19733 -2.79271 -3.05296 -3.14953 -3.18813 -3.27921 -3.26636 -3.20352 -3.25942 -3.63653 -4.35059 -5.31122 -6.24683 -6.82998 -6.81688 -6.41331 -6.05069 -6.16019 -6.7772 -7.59094 -8.37513 -9.2883 -10.5663 -12.1403 -13.5572 -14.429 -14.669 -14.6968 -14.5278 -13.6246 -11.3863 -8.13964 -4.93216 -2.66737 -1.59109 -1.16759 -0.569724 0.774948 2.88655 5.17884 7.18961 8.80966 10.279 11.5876 12.8606 14.411 16.4842 18.7789 20.7571 22.134 22.8585 23.123 23.1664 23.1866 23.2033 23.2089 23.4416 24.1196 25.5315 27.6044 30.0297 32.0613 33.307 33.833
0 -0.754905 -1.54584 -2.32226 -2.954 -3.26276 -3.30527 -3.20921 -3.09966 -2.93502 -2.75153 -2.78332 -3.27824 -4.22665 -5.34599 -6.24223 -6.65231 -6.45806 -5.85523 -5.22648 -5.01227 -5.34972 -6.01389 -6.85409 -7.97562 -9.53703 -11.3492 -12.9143 -13.8516 -14.14 -14.2085 -14.0114 -12.9705 -10.4748 -6.94574 -3.47459 -1.04225 0.0882235 0.42979 0.806909 1.86023 3.69541 5.90566 8.04557 9.87208 11.3907 12.6663 13.8968 15.3847 17.3024 19.4925 21.5324 22.9941 23.6434 23.6935 23.4815 23.2654 23.0494 22.8077 22.7971 23.3842 24.8693 27.0159 29.3177 31.1935 32.3952 33.0562
0 -0.698353 -1.43978 -2.16354 -2.80821 -3.18234 -3.27936 -3.1368 -2.91749 -2.65886 -2.49078 -2.62731 -3.3602 -4.55288 -5.7784 -6.50842 -6.67772 -6.31706 -5.63252 -4.87118 -4.4425 -4.50245 -4.91666 -5.59383 -6.72711 -8.39434 -10.2727 -11.7953 -12.6413 -12.9266 -13.1321 -13.1574 -12.3037 -9.92053 -6.49199 -3.12921 -0.733649 0.538644 1.10192 1.66171 2.73268 4.45921 6.56464 8.72833 10.6571 12.2526 13.5623 14.8296 16.2415 17.9067 19.7884 21.6574 23.0682 23.7099 23.7427 23.5474 23.3739 23.2171 22.9988 22.9761 23.5442 25.0021 26.955 28.8936 30.4 31.461 32.1354
0 -0.587101 -1.1967 -1.81571 -2.39473 -2.81809 -3.01104 -2.94773 -2.75036 -2.55115 -2.50397 -2.82354 -3.69993 -4.97537 -6.13663 -6.68871 -6.65497 -6.21378 -5.54662 -4.80221 -4.28437 -4.13172 -4.21711 -4.58169 -5.47551 -7.01918 -8.79213 -10.2027 -10.9912 -11.3749 -11.838 -12.2174 -11.726 -9.7016 -6.67632 -3.6804 -1.41622 0.0708162 1.11343 2.14759 3.50512 5.27533 7.31112 9.40296 11.3297 12.9827 14.4192 15.7841 17.1482 18.5272 19.9836 21.4604 22.6585 23.2781 23.4241 23.409 23.4464 23.5012 23.477 23.5772 24.1714 25.4405 27.0024 28.4293 29.5462 30.4059 31.0586
0 -0.472802 -0.933169 -1.37205 -1.80681 -2.17844 -2.43933 -2.54755 -2.58105 -2.61833 -2.79635 -3.20296 -4.0096 -5.05318 -6.00982 -6.4584 -6.41092 -5.99488 -5.39098 -4.73775 -4.21972 -3.89682 -3.68448 -3.70709 -4.26245 -5.48587 -7.00583 -8.36191 -9.3074 -10.0378 -10.8618 -11.5389 -11.3386 -9.71148 -7.18482 -4.57528 -2.41671 -0.627961 0.954833 2.55023 4.23189 6.06965 8.02252 10.0281 11.9352 13.6872 15.2898 16.8013 18.1255 19.2415 20.2551 21.2985 22.2224 22.8065 23.0824 23.2736 23.5486 23.8494 24.0534 24.3304 24.9152 25.9056 26.9458 27.8715 28.6272 29.3461 29.9513
0 -0.434255 -0.769777 -1.00908 -1.21158 -1.40726 -1.64483 -1.98005 -2.41814 -2.87216 -3.27656 -3.66054 -4.1643 -4.821 -5.50022 -5.93604 -5.97537 -5.60722 -5.04684 -4.50718 -4.05578 -3.63835 -3.23057 -3.04904 -3.30386 -4.11694 -5.30191 -6.64407 -7.9354 -9.14794 -10.3245 -11.1396 -11.0424 -9.6708 -7.51958 -5.22261 -3.13277 -1.12822 0.893082 2.9263 4.87063 6.71877 8.56696 10.505 12.4551 14.333 16.1333 17.7859 19.0827 19.9351 20.605 21.358 22.1541 22.7492 23.0933 23.375 23.7893 24.2881 24.7093 25.0955 25.596 26.2148 26.7446 27.1895 27.6802 28.3024 28.9259
0 -0.409716 -0.65354 -0.740853 -0.741774 -0.721512 -0.889805 -1.41113 -2.26986 -3.12539 -3.71567 -3.97683 -4.17009 -4.48853 -4.98076 -5.42255 -5.50665 -5.14926 -4.61899 -4.22421 -3.89413 -3.46369 -3.00362 -2.79047 -2.87674 -3.34032 -4.1889 -5.50674 -7.05872 -8.62696 -10.001 -10.8197 -10.6831 -9.37702 -7.45147 -5.38031 -3.40834 -1.31543 0.951781 3.29557 5.42028 7.25883 8.99737 10.9031 12.9343 14.9675 16.9463 18.7514 20.0187 20.6645 21.1177 21.8045 22.6505 23.2748 23.5683 23.7579 24.1622 24.8151 25.4333 25.8943 26.226 26.4913 26.5284 26.5558 26.77 27.3386 27.9903
0 -0.317425 -0.500916 -0.544676 -0.490136 -0.403973 -0.5276 -1.13322 -2.16755 -3.20426 -3.84464 -4.02909 -4.05912 -4.23903 -4.65304 -5.07482 -5.15547 -4.80547 -4.36983 -4.12792 -3.91762 -3.53406 -3.1263 -2.95786 -2.98551 -3.22586 -3.84545 -5.03418 -6.58959 -8.20483 -9.61749 -10.4196 -10.2435 -8.98512 -7.19111 -5.28879 -3.39032 -1.2578 1.15842 3.68676 5.97385 7.84284 9.53702 11.4104 13.4946 15.6374 17.7789 19.7187 21.0514 21.6448 22.0585 22.7664 23.6297 24.1728 24.2631 24.217 24.4833 25.1848 25.9789 26.5138 26.7124 26.6251 26.2671 25.8884 25.8464 26.3058 26.996
0 -0.242688 -0.39543 -0.451278 -0.464898 -0.465711 -0.647528 -1.19725 -2.11866 -3.01933 -3.57997 -3.74821 -3.81439 -4.02807 -4.45118 -4.85981 -4.94692 -4.68543 -4.39405 -4.26776 -4.16789 -3.90925 -3.64274 -3.53288 -3.55086 -3.74721 -4.24313 -5.17795 -6.37857 -7.70629 -8.9842 -9.8059 -9.7469 -8.62132 -6.95424 -5.08713 -3.14707 -0.921573 1.58803 4.21656 6.61661 8.59474 10.3185 12.1657 14.2537 16.4722 18.743 20.804 22.2679 22.9854 23.4776 24.1145 24.7601 24.9923 24.7703 24.4714 24.5473 25.169 26.0201 26.6711 26.8498 26.5551 25.8639 25.1605 24.8525 25.1828 25.8607
0 -0.345821 -0.53922 -0.586291 -0.612173 -0.716678 -0.976685 -1.45812 -2.14132 -2.81031 -3.24345 -3.42466 -3.57222 -3.86267 -4.30685 -4.68162 -4.77394 -4.59212 -4.42119 -4.41905 -4.49892 -4.49686 -4.41511 -4.33837 -4.36892 -4.6151 -5.07282 -5.65126 -6.27669 -7.05774 -8.06985 -8.97241 -9.19034 -8.33476 -6.73772 -4.78719 -2.6963 -0.366231 2.18335 4.82846 7.28687 9.36009 11.1814 13.0737 15.2132 17.5277 19.9021 22.0328 23.5674 24.3762 24.8787 25.3239 25.5869 25.3839 24.8483 24.3837 24.3157 24.746 25.4883 26.1821 26.4638 26.1247 25.2706 24.317 23.7865 23.9464 24.5598
0 -0.60168 -0.91366 -0.915972 -0.865767 -0.964541 -1.24862 -1.65702 -2.18809 -2.71714 -3.0996 -3.2689 -3.44625 -3.76572 -4.21758 -4.54876 -4.58557 -4.37314 -4.23613 -4.36736 -4.73435 -5.05725 -5.19691 -5.17154 -5.24206 -5.58465 -6.02655 -6.30157 -6.35797 -6.5452 -7.19571 -8.08725 -8.53935 -7.8789 -6.3107 -4.23096 -2.02279 0.348569 2.874 5.48433 7.94471 10.0675 11.9975 14.0614 16.3738 18.8326 21.2761 23.3805 24.8376 25.5239 25.8563 26.0365 25.9371 25.3578 24.6015 24.0711 23.9178 24.0669 24.5213 25.0965 25.465 25.2364 24.4079 23.3426 22.6342 22.6104 23.0563
0 -0.773089 -1.17713 -1.18663 -1.09963 -1.17151 -1.41339 -1.75442 -2.20191 -2.69717 -3.07547 -3.25894 -3.42001 -3.72341 -4.13815 -4.42186 -4.40716 -4.16894 -4.0515 -4.31301 -4.88222 -5.44472 -5.7342 -5.78564 -5.92019 -6.3132 -6.73368 -6.84434 -6.6265 -6.46719 -6.81005 -7.53328 -7.925 -7.25574 -5.63003 -3.4824 -1.20788 1.16581 3.65541 6.22662 8.65739 10.8096 12.8705 15.1375 17.6585 20.2457 22.7096 24.7559 26.067 26.5296 26.5635 26.4389 26.0694 25.2892 24.4442 23.8931 23.6176 23.4652 23.5196 23.7993 24.0678 23.9042 23.1831 22.1519 21.3529 21.1297 21.3213
0 -0.688468 -1.0635 -1.13343 -1.12114 -1.23027 -1.42865 -1.68801 -2.04685 -2.4475 -2.81165 -3.02028 -3.2316 -3.53003 -3.91877 -4.2029 -4.21351 -4.03897 -3.95076 -4.21714 -4.80046 -5.41052 -5.80935 -6.00225 -6.22622 -6.60072 -6.94349 -7.04405 -6.88857 -6.76768 -6.99298 -7.42861 -7.48717 -6.56832 -4.84971 -2.69268 -0.420721 1.92433 4.37794 6.87473 9.29844 11.5347 13.7427 16.1646 18.7977 21.4666 23.9112 25.8612 27.0025 27.2278 26.9609 26.5398 25.9981 25.2041 24.4362 23.8864 23.513 23.1132 22.8177 22.6802 22.6388 22.346 21.676 20.7375 19.9407 19.5504 19.4786
0 -0.409107 -0.63953 -0.723721 -0.808323 -0.973809 -1.18234 -1.40637 -1.66455 -1.94272 -2.21799 -2.46868 -2.72423 -3.01842 -3.38464 -3.7125 -3.81073 -3.65958 -3.51277 -3.68662 -4.19847 -4.85185 -5.4153 -5.82675 -6.14583 -6.41682 -6.63246 -6.76257 -6.82845 -6.94929 -7.24973 -7.50188 -7.22817 -6.07763 -4.26845 -2.13404 0.105245 2.40868 4.74065 7.10015 9.4781 11.8241 14.1756 16.6898 19.4357 22.2134 24.6827 26.4394 27.2592 27.1439 26.5834 25.9586 25.3673 24.7247 24.1472 23.7323 23.391 22.9565 22.4392 21.931 21.4695 20.9259 20.1984 19.3268 18.519 17.9778 17.7117
0 -0.0959229 -0.113891 -0.123931 -0.171744 -0.334739 -0.558495 -0.799526 -1.03497 -1.21327 -1.43412 -1.67099 -1.95837 -2.23669 -2.61985 -3.04688 -3.15267 -2.81993 -2.36167 -2.31209 -2.79519 -3.63732 -4.56532 -5.30943 -5.76172 -5.91417 -5.97407 -6.08391 -6.30311 -6.62413 -7.05662 -7.30502 -6.96048 -5.78528 -4.03715 -2.01615 0.118683 2.25515 4.39085 6.52477 8.82078 11.2452 13.7264 16.3773 19.3105 22.3111 24.7873 26.217 26.5097 25.9144 25.0558 24.3086 23.7953 23.3668 23.0833 22.9558 22.8711 22.5956 22.0486 21.3202 20.558 19.7892 18.9608 18.0634 17.2048 16.5467 16.2017
0 0.212181 0.402607 0.558658 0.635283 0.548888 0.311465 0.00280511 -0.277943 -0.483172 -0.682662 -0.93019 -1.20271 -1.49258 -1.93973 -2.42831 -2.47454 -1.81034 -0.895052 -0.476205 -0.873938 -1.97996 -3.39047 -4.6037 -5.27077 -5.3818 -5.29799 -5.30483 -5.52257 -5.90893 -6.42177 -6.77018 -6.56594 -5.57663 -4.0205 -2.18748 -0.278292 1.62175 3.46113 5.3492 7.49508 9.94739 12.5686 15.3861 18.4979 21.5844 23.9806 25.0992 25.0096 24.07 22.9466 22.0929 21.6324 21.439 21.4721 21.7037 21.9236 21.847 21.3667 20.5861 19.7123 18.8245 17.9019 16.9506 16.0554 15.3815 15.0466
0 0.496661 0.908169 1.213 1.42188 1.4167 1.19361 0.864572 0.522136 0.242933 -0.0163571 -0.290339 -0.619903 -1.00851 -1.56432 -2.07505 -2.01893 -1.11398 0.173188 1.01938 0.865092 -0.319634 -2.13053 -3.81327 -4.84079 -5.05936 -4.89993 -4.74195 -4.84258 -5.18598 -5.71188 -6.12137 -6.06714 -5.30839 -4.01463 -2.4826 -0.908657 0.618557 2.13874 3.75785 5.75971 8.21385 10.9804 13.9476 17.0279 19.9003 22.0537 23.1168 23.0774 22.1474 20.9338 19.9782 19.5819 19.646 20.0165 20.4975 20.8353 20.7873 20.3292 19.6023 18.7486 17.8248 16.8278 15.8534 15.0198 14.4567 14.2387
0 0.802791 1.4273 1.83155 2.03691 2.02452 1.85577 1.59432 1.2814 0.925908 0.566934 0.201086 -0.224889 -0.758286 -1.40909 -1.89489 -1.77809 -0.823166 0.564185 1.62468 1.71447 0.624051 -1.27607 -3.24877 -4.59961 -5.03949 -4.86617 -4.55211 -4.48211 -4.72032 -5.17479 -5.56959 -5.5821 -5.00874 -3.98917 -2.78805 -1.6316 -0.537347 0.590575 1.97664 3.82686 6.241 9.08654 12.1085 14.9685 17.3961 19.3397 20.6143 20.9961 20.371 19.2428 18.3499 18.1441 18.5631 19.2286 19.7529 19.8957 19.6029 19.0436 18.3623 17.5797 16.6306 15.5931 14.6642 13.967 13.5856 13.5477
0 1.05823 1.84077 2.25035 2.37727 2.33988 2.27518 2.18842 1.97946 1.58833 1.11961 0.638142 0.101708 -0.550245 -1.27659 -1.75008 -1.67108 -0.851743 0.31481 1.22129 1.31905 0.424661 -1.25285 -3.13587 -4.58965 -5.19182 -5.0611 -4.66117 -4.42507 -4.50633 -4.81725 -5.13808 -5.18761 -4.78327 -4.03452 -3.17355 -2.44009 -1.82495 -1.07465 0.0949193 1.80402 4.06429 6.84812 9.81351 12.4549 14.566 16.4298 18.0297 18.8893 18.6439 17.7877 17.1733 17.3377 18.1278 18.9667 19.3521 19.1086 18.4266 17.6693 17 16.2637 15.294 14.2113 13.3694 12.8454 12.6844 12.9188
0 1.15384 1.98248 2.38065 2.496 2.52083 2.61699 2.72204 2.64756 2.25679 1.69528 1.10428 0.464565 -0.276154 -1.05354 -1.59974 -1.66297 -1.161 -0.422637 0.0685542 -0.0102003 -0.744616 -2.0038 -3.49647 -4.72485 -5.29815 -5.22127 -4.8282 -4.50567 -4.43069 -4.58329 -4.81436 -4.8926 -4.6556 -4.13937 -3.56174 -3.18259 -2.94323 -2.5119 -1.55847 -0.0661383 1.97751 4.54712 7.35854 9.87022 11.9031 13.8434 15.7036 16.947 17.1002 16.6361 16.4001 16.8567 17.7969 18.634 18.8444 18.3341 17.3878 16.4556 15.7219 14.9761 13.976 12.8699 12.0911 11.7729 11.9197 12.537
0 0.96023 1.71564 2.19606 2.4775 2.6858 2.95145 3.20305 3.22801 2.86118 2.27653 1.61718 0.907776 0.0830689 -0.773981 -1.42318 -1.71353 -1.60899 -1.36385 -1.2934 -1.52301 -2.10784 -2.95867 -3.97009 -4.81505 -5.24203 -5.20041 -4.90395 -4.57655 -4.39695 -4.40893 -4.52346 -4.57488 -4.41995 -4.07948 -3.76506 -3.67004 -3.68722 -3.47066 -2.77897 -1.57337 0.177646 2.48817 5.06801 7.50353 9.62509 11.7261 13.7613 15.2509 15.7598 15.6895 15.7126 16.2134 17.0073 17.6766 17.821 17.3258 16.3875 15.3984 14.5593 13.7576 12.7715 11.6966 10.9772 10.8686 11.4256 12.5059
