p5_lighting/grds/smoothMount.dem.grd
ncols 129
nrows 129
xllcorner 0
yllcorner 0
cellsize 2
[rows 60 to 89 of 129, columns 0 to 66 of 129]
0 1.85625 3.59912 5.15394 6.49927 7.62797 8.59694 9.59647 10.8154 12.2446 13.6741 14.9461 16.1356 17.3982 18.8546 20.4131 21.9275 23.3683 24.9168 26.5911 28.1387 29.2949 30.1266 30.9766 32.1537 33.7159 35.3901 36.8542 37.9983 38.9478 39.8695 40.7828 41.656 42.4757 43.2734 44.286 45.8293 48.1222 50.8988 53.4651 55.1082 55.5139 55.066 54.3729 53.9315 53.9128 54.2603 54.8466 55.5168 56.2621 57.1155 58.0383 58.8528 59.3986 59.6999 60.0447 60.7735 62.1346 63.9955 65.9519 67.5525 68.539 68.9388 68.8265 68.3973 67.7563 67.0314
0 2.12896 3.94506 5.32615 6.45791 7.51804 8.52693 9.50969 10.6655 12.0515 13.4174 14.5536 15.6067 16.7521 18.1245 19.5575 20.9657 22.2994 23.7688 25.3943 26.9077 28.0469 28.879 29.7743 31.0281 32.6206 34.2561 35.5966 36.5754 37.3665 38.2154 39.2249 40.3115 41.3046 42.1197 42.9417 44.1285 46.0114 48.4577 50.9168 52.666 53.3788 53.2695 52.9101 52.7865 53.0905 53.7267 54.4969 55.2128 55.93 56.8175 57.9496 59.1301 60.056 60.6129 61.1168 62.0147 63.5774 65.4489 67.1967 68.5444 69.4651 69.9352 69.9213 69.5735 69.004 68.2829
0 2.16312 3.90093 5.0936 6.06357 7.09526 8.17381 9.20876 10.3838 11.769 13.105 14.163 15.0852 16.1216 17.359 18.6839 19.9442 21.1389 22.4716 24.0074 25.4884 26.6256 27.5103 28.4922 29.84 31.4714 33.0438 34.2434 35.0779 35.7803 36.6394 37.7619 39.0269 40.2017 41.1374 41.9539 42.9639 44.494 46.5183 48.6465 50.3426 51.2864 51.6042 51.6935 51.9455 52.5161 53.3134 54.1723 54.9332 55.6494 56.5531 57.8034 59.214 60.4274 61.2524 61.9406 62.9527 64.492 66.2086 67.7221 68.9647 69.9806 70.6523 70.8322 70.6353 70.1496 69.3912
0 1.78329 3.26229 4.35012 5.34923 6.4317 7.58776 8.6691 9.82406 11.1331 12.4161 13.5033 14.4677 15.4623 16.5795 17.7466 18.9045 20.0165 21.2494 22.6543 24.0719 25.2606 26.2598 27.2752 28.5736 30.0542 31.5091 32.6539 33.5179 34.3017 35.2502 36.439 37.7351 38.9685 40.0203 40.9636 41.9963 43.3367 44.989 46.7368 48.2363 49.3295 50.0289 50.5982 51.2247 52.0187 52.9158 53.862 54.7559 55.5926 56.5359 57.7305 59.1123 60.3953 61.3985 62.2861 63.3415 64.7372 66.201 67.5757 68.8148 69.9663 70.829 71.2837 71.3127 70.9185 70.1272
0 1.10384 2.19288 3.28222 4.47582 5.77809 7.01378 8.03063 8.97052 10.0515 11.296 12.57 13.7693 14.8336 15.7903 16.7415 17.7563 18.8137 19.9473 21.2397 22.6861 24.0861 25.2896 26.3016 27.3233 28.4738 29.7292 30.8922 31.8778 32.7989 33.8467 35.0629 36.3344 37.5574 38.6986 39.8085 40.9743 42.2977 43.7574 45.2174 46.5376 47.6798 48.6793 49.6082 50.5176 51.4507 52.4371 53.5118 54.6223 55.6587 56.6151 57.6135 58.7279 59.8565 60.8918 61.8835 62.9416 64.1293 65.4017 66.7582 68.1274 69.3978 70.4483 71.1675 71.4479 71.1676 70.4265
0 0.40969 1.06843 2.08547 3.46452 5.01299 6.33909 7.19938 7.83702 8.7208 10.0255 11.5915 13.0639 14.1474 14.8811 15.5048 16.3155 17.2657 18.3479 19.6402 21.256 22.9618 24.4108 25.3679 26.0825 26.8768 27.9634 29.1391 30.2094 31.1985 32.2708 33.5206 34.7988 36.0497 37.2618 38.5189 39.8669 41.3261 42.8032 44.1966 45.4524 46.6491 47.8061 48.914 49.9247 50.8953 51.9415 53.1415 54.4359 55.5716 56.4422 57.1381 57.8973 58.7584 59.7038 60.7017 61.6991 62.7317 63.9108 65.3901 66.965 68.4048 69.5858 70.4934 70.9728 70.861 70.2938
0 -0.0442792 0.219315 0.98608 2.27894 3.85928 5.16465 5.92252 6.45937 7.39315 8.94695 10.8139 12.4561 13.4486 13.8706 14.145 14.6665 15.5011 16.599 17.9937 19.7387 21.625 23.2025 24.1743 24.7683 25.4252 26.3931 27.5382 28.6107 29.5896 30.6355 31.8715 33.2001 34.5155 35.7972 37.1605 38.6686 40.304 41.9211 43.409 44.7721 46.064 47.3054 48.4554 49.4964 50.4892 51.5917 52.864 54.1721 55.2222 55.8942 56.3069 56.7468 57.3628 58.1625 59.0883 60.037 61.0295 62.2587 63.8729 65.6336 67.1877 68.4549 69.4544 70.107 70.2175 69.8976
0 -0.24932 -0.293036 0.0841738 0.974207 2.21563 3.32724 4.10515 4.85576 6.11847 7.97437 10.0412 11.6797 12.47 12.603 12.5789 12.9262 13.7429 14.9409 16.4017 18.0855 19.8508 21.4001 22.4889 23.2602 24.0129 24.9663 26.049 27.093 28.0683 29.0634 30.2615 31.5812 32.9665 34.3257 35.8041 37.4609 39.274 41.0552 42.7186 44.2427 45.6434 46.9271 48.1083 49.2012 50.2785 51.4619 52.7303 53.882 54.6694 55.063 55.2344 55.462 55.8961 56.5655 57.3979 58.3326 59.4213 60.7989 62.524 64.3421 65.9421 67.2477 68.3047 69.0736 69.3774 69.327
0 -0.353733 -0.606209 -0.592642 -0.17426 0.591643 1.38912 2.14607 3.09905 4.58982 6.60053 8.69968 10.272 10.9239 10.8875 10.7832 11.1384 12.0811 13.401 14.8568 16.3333 17.8285 19.2698 20.5389 21.62 22.5844 23.559 24.5704 25.541 26.4426 27.379 28.5289 29.8778 31.3421 32.8425 34.4954 36.3537 38.3553 40.3172 42.1169 43.7208 45.1459 46.4584 47.7113 48.9275 50.1439 51.4159 52.6458 53.5805 54.0459 54.163 54.1601 54.2401 54.5277 55.0412 55.7623 56.6699 57.8704 59.4144 61.2255 63.0476 64.6682 66.0539 67.1904 68.0458 68.5157 68.6984
0 -0.469761 -0.865866 -1.08209 -0.97241 -0.589536 -0.108341 0.445514 1.28026 2.65471 4.49528 6.47268 7.9521 8.5859 8.60112 8.65545 9.22585 10.3866 11.8284 13.2525 14.5476 15.8341 17.2289 18.6452 19.9736 21.0861 22.0872 23.0391 23.9085 24.6812 25.5217 26.6905 28.1159 29.712 31.3936 33.3 35.4072 37.6505 39.7962 41.6944 43.2856 44.664 45.9644 47.296 48.6233 49.9543 51.2852 52.4905 53.2529 53.4651 53.3625 53.2362 53.2026 53.309 53.6037 54.1315 54.9262 56.1255 57.7633 59.6639 61.5589 63.2742 64.7831 66.0354 66.9939 67.5986 67.9558
0 -0.583085 -1.08389 -1.40865 -1.48857 -1.36645 -1.20408 -0.991258 -0.523341 0.463225 1.96182 3.6784 5.05381 5.76295 6.00953 6.36301 7.19918 8.544 10.0838 11.5253 12.793 14.0631 15.4947 17.0175 18.4386 19.5996 20.5961 21.5088 22.2967 22.96 23.7508 24.9342 26.4427 28.1679 30.0641 32.2054 34.5374 36.9645 39.2841 41.2888 42.9074 44.2574 45.5489 46.9049 48.2959 49.6765 51.0458 52.2319 52.9238 52.9973 52.7698 52.548 52.3955 52.2917 52.2957 52.5421 53.1399 54.2654 55.9043 57.8684 59.8541 61.6907 63.3423 64.7428 65.8643 66.6183 67.0468
0 -0.701769 -1.30355 -1.76573 -2.01337 -2.11825 -2.19897 -2.2541 -2.10295 -1.43857 -0.310166 1.08518 2.23449 3.00541 3.47357 4.10895 5.12369 6.57615 8.17434 9.6977 11.0721 12.4475 13.9653 15.5181 16.9385 18.0836 19.0812 20.0048 20.8302 21.57 22.3915 23.5312 24.9989 26.8106 28.9151 31.2499 33.7089 36.2182 38.6328 40.7338 42.4159 43.8045 45.1077 46.5033 47.9505 49.4063 50.8212 52.0304 52.729 52.7984 52.5252 52.1931 51.8899 51.5901 51.3183 51.2727 51.6605 52.6955 54.3308 56.291 58.3016 60.1722 61.884 63.3793 64.6249 65.4548 65.9205
0 -0.875998 -1.69344 -2.36508 -2.8114 -3.02106 -3.16506 -3.30281 -3.29086 -2.8352 -1.9785 -0.950648 -0.0683082 0.625337 1.21452 1.97934 3.08461 4.57773 6.23907 7.87491 9.40264 10.9041 12.4508 13.9668 15.3179 16.4443 17.4497 18.437 19.4294 20.4026 21.344 22.3813 23.7435 25.6403 27.9541 30.4546 33.0126 35.5806 38.0148 40.0594 41.6602 42.9808 44.3222 45.8476 47.4999 49.1426 50.677 51.9378 52.7385 52.9457 52.7203 52.2633 51.7605 51.282 50.8403 50.5922 50.8298 51.8365 53.4688 55.4067 57.3272 59.0827 60.6909 62.1401 63.3643 64.1887 64.6951
0 -1.24319 -2.43975 -3.44505 -4.04151 -4.18103 -4.13236 -4.11508 -4.06966 -3.67976 -3.04952 -2.325 -1.77062 -1.24634 -0.736179 0.0143583 1.11754 2.64484 4.38654 6.13935 7.77609 9.32323 10.8155 12.2258 13.4836 14.5885 15.6156 16.6968 17.8852 19.138 20.2187 21.1972 22.5098 24.5535 27.1457 29.8364 32.5288 35.1446 37.5115 39.3095 40.6171 41.7444 43.0982 44.8524 46.8495 48.8114 50.5171 51.8809 52.843 53.3001 53.2145 52.6754 52.0039 51.4261 50.9286 50.6065 50.7804 51.7815 53.4407 55.3546 57.1467 58.6454 59.9524 61.1403 62.1954 62.9355 63.5065
0 -1.74666 -3.44584 -4.84897 -5.61898 -5.62218 -5.27252 -4.95517 -4.71248 -4.33467 -3.86433 -3.43936 -3.12674 -2.82434 -2.45047 -1.81707 -0.778709 0.755332 2.58539 4.44335 6.1424 7.65795 9.04128 10.3191 11.4915 12.5819 13.6422 14.7789 16.0749 17.4633 18.6581 19.697 21.1166 23.4178 26.331 29.2889 32.0841 34.6628 36.833 38.3487 39.4106 40.429 41.8307 43.778 46.0641 48.2834 50.1564 51.6376 52.791 53.4795 53.5589 53.0546 52.3682 51.7929 51.3123 51.0029 51.2016 52.2525 53.96 55.8695 57.515 58.7031 59.592 60.4059 61.2044 61.8735 62.4919
0 -2.12952 -4.24192 -6.04181 -7.05416 -7.05485 -6.46442 -5.80862 -5.29141 -4.85029 -4.54083 -4.34304 -4.25834 -4.12918 -3.93604 -3.47368 -2.56466 -1.06495 0.811801 2.72823 4.43676 5.89947 7.16585 8.33067 9.43345 10.5379 11.6312 12.7841 14.0233 15.3478 16.5624 17.7754 19.4491 22.0268 25.2148 28.4206 31.2834 33.7059 35.6294 37.0218 38.1693 39.389 40.9629 42.9722 45.2655 47.5182 49.4831 51.1356 52.4632 53.2852 53.4862 53.1472 52.6593 52.2146 51.8204 51.5671 51.8396 52.9596 54.6948 56.5304 57.965 58.8117 59.2944 59.7283 60.3047 60.9182 61.5953
0 -2.07989 -4.28886 -6.34255 -7.66244 -7.8341 -7.2141 -6.38003 -5.69981 -5.2466 -5.06542 -5.12556 -5.25815 -5.31676 -5.29341 -5.02394 -4.2455 -2.7754 -0.91028 0.960622 2.6106 4.0273 5.24081 6.31619 7.37179 8.48743 9.64165 10.771 11.8527 12.9525 14.1063 15.5374 17.5256 20.3032 23.6017 26.9371 29.8658 32.2023 33.9966 35.4746 36.9607 38.6309 40.4864 42.4643 44.4907 46.5132 48.5145 50.4024 51.9749 52.9204 53.2369 53.119 52.9307 52.7657 52.5231 52.3075 52.5979 53.7451 55.4293 57.0068 58.037 58.4715 58.6236 58.8514 59.3106 59.9153 60.6089
0 -1.61162 -3.53388 -5.5825 -7.11782 -7.58159 -7.17412 -6.47445 -5.85404 -5.45475 -5.42084 -5.75245 -6.18261 -6.45915 -6.63652 -6.55444 -5.90785 -4.46528 -2.68172 -0.962669 0.552657 1.95921 3.19246 4.25348 5.28987 6.44936 7.65653 8.76162 9.68358 10.5507 11.6246 13.2304 15.4585 18.3076 21.5159 24.8224 27.7968 30.2243 32.1242 33.8407 35.719 37.8529 40.0101 41.9614 43.702 45.4586 47.4747 49.6327 51.5141 52.6496 53.0975 53.1371 53.2452 53.4365 53.4346 53.2183 53.4026 54.4566 55.93 57.0481 57.5025 57.4754 57.4183 57.6249 58.1138 58.7131 59.3797
0 -1.10199 -2.56636 -4.33933 -5.87152 -6.58672 -6.58135 -6.27691 -5.95077 -5.75447 -5.92559 -6.52843 -7.22843 -7.73705 -8.11088 -8.22741 -7.72587 -6.40305 -4.75343 -3.2114 -1.80788 -0.396035 0.901802 2.01651 3.1233 4.35136 5.61301 6.73015 7.62872 8.4415 9.49086 11.1558 13.4545 16.2236 19.2484 22.3837 25.3562 27.9318 30.0933 32.1079 34.3171 36.7726 39.1729 41.2111 42.9101 44.6215 46.7121 49.0748 51.1921 52.5008 53.025 53.1602 53.4449 53.904 54.0954 53.8914 53.9454 54.7661 55.8893 56.5332 56.509 56.1921 56.065 56.338 56.8638 57.4294 58.0247
0 -0.797563 -1.84546 -3.16815 -4.45771 -5.32742 -5.76854 -5.99398 -6.11019 -6.25492 -6.66011 -7.42361 -8.28756 -9.02091 -9.61798 -9.91032 -9.58297 -8.45059 -6.9952 -5.55371 -4.17655 -2.74981 -1.42239 -0.233891 0.965254 2.29784 3.63932 4.85811 5.89514 6.8399 7.94764 9.54469 11.6976 14.266 17.0505 19.9591 22.8407 25.527 27.9552 30.269 32.6978 35.2761 37.7725 39.952 41.8823 43.8443 46.1505 48.6094 50.7567 52.0634 52.6318 52.8559 53.2384 53.7777 54.0457 53.9529 53.9378 54.4537 55.1407 55.4537 55.2957 55.0147 54.9783 55.2822 55.7436 56.2352 56.7467
0 -0.618862 -1.32611 -2.17083 -3.10718 -4.03924 -4.90112 -5.64474 -6.23255 -6.71755 -7.27572 -8.06447 -9.03503 -10.0243 -10.8779 -11.3183 -11.0978 -10.1523 -8.83691 -7.41701 -5.97341 -4.5372 -3.27532 -2.16829 -0.985862 0.434902 1.97475 3.41883 4.65457 5.75181 6.88049 8.30555 10.1728 12.4708 15.0266 17.7294 20.5107 23.2849 25.9379 28.454 30.9714 33.5009 35.923 38.1341 40.2821 42.6003 45.1939 47.7477 49.812 51.0646 51.695 52.0788 52.5635 53.1211 53.4551 53.4523 53.4118 53.6472 53.9899 54.1318 54.0372 53.9631 54.0766 54.3739 54.7289 55.1168 55.5544
0 -0.344314 -0.672873 -1.05339 -1.69274 -2.70411 -3.97171 -5.18646 -6.14538 -6.83231 -7.40722 -8.15736 -9.22081 -10.4648 -11.5243 -12.0212 -11.8054 -10.9254 -9.69073 -8.27107 -6.8093 -5.44589 -4.40197 -3.58803 -2.60423 -1.08404 0.76628 2.54025 3.94338 5.039 6.02661 7.18074 8.73014 10.7748 13.1387 15.6906 18.4143 21.2851 24.1173 26.7263 29.192 31.5397 33.7125 35.6952 37.8248 40.3477 43.2265 45.9452 48.0601 49.3744 50.1623 50.7636 51.429 52.1378 52.5531 52.5647 52.4324 52.5032 52.6601 52.6842 52.6345 52.724 52.9866 53.3354 53.6476 53.9787 54.3436
0 0.0686561 0.2109 0.252764 -0.176142 -1.3349 -2.98424 -4.61973 -5.86714 -6.6503 -7.19076 -7.87075 -8.9485 -10.2825 -11.44 -11.9693 -11.7698 -10.9272 -9.70454 -8.3182 -6.98227 -5.89103 -5.24723 -4.86011 -4.10998 -2.48436 -0.234391 1.93693 3.5255 4.52043 5.20472 5.9892 7.2221 9.05187 11.2771 13.735 16.4084 19.3382 22.2783 24.935 27.2924 29.383 31.182 32.8035 34.7171 37.2999 40.3885 43.3679 45.7088 47.2441 48.2361 49.0274 49.9043 50.7603 51.25 51.2231 51.0521 51.0681 51.1547 51.105 51.0559 51.2352 51.6258 52.0718 52.4483 52.7685 53.0988
0 0.534439 1.11525 1.47671 1.14143 -0.168203 -2.12206 -4.08815 -5.55646 -6.42071 -6.92809 -7.52019 -8.45876 -9.68137 -10.7984 -11.4207 -11.3505 -10.5971 -9.42807 -8.159 -7.1069 -6.47039 -6.32573 -6.32391 -5.73281 -3.96395 -1.36938 1.17987 2.95334 3.84901 4.23177 4.67346 5.65362 7.34839 9.48288 11.8623 14.4521 17.3543 20.3388 23.0353 25.2784 27.0567 28.4551 29.749 31.4918 34.0733 37.2861 40.4828 43.0876 44.877 46.0683 47.0151 47.9998 48.8802 49.3874 49.4278 49.3693 49.3901 49.4298 49.3452 49.3657 49.6421 50.1599 50.7254 51.2081 51.5801 51.8945
0 0.886878 1.71898 2.15839 1.80969 0.426136 -1.63503 -3.74907 -5.34157 -6.25543 -6.75011 -7.24748 -7.99794 -8.9891 -10.0417 -10.8099 -10.9688 -10.4016 -9.38115 -8.34013 -7.6291 -7.42397 -7.71271 -8.01036 -7.49952 -5.62463 -2.82182 -0.10112 1.74153 2.576 2.82073 3.12493 4.04853 5.75082 7.88416 10.1913 12.6928 15.5476 18.5435 21.2337 23.3435 24.8567 25.9768 27.1131 28.7901 31.3371 34.5155 37.7541 40.4987 42.4727 43.8292 44.8718 45.8974 46.7863 47.3704 47.5924 47.6853 47.7335 47.7329 47.6865 47.7765 48.1145 48.6818 49.3484 49.9684 50.4207 50.7209
0 0.944169 1.69299 1.92301 1.44535 0.106847 -1.77601 -3.77814 -5.3076 -6.19379 -6.67018 -7.12656 -7.75095 -8.57227 -9.52634 -10.3814 -10.7316 -10.4158 -9.70625 -9.04743 -8.69705 -8.77537 -9.29495 -9.77094 -9.35581 -7.48935 -4.74263 -2.15523 -0.45057 0.380522 0.737877 1.2285 2.38339 4.30412 6.53236 8.80166 11.2316 14.0631 17.0431 19.6484 21.6276 23.0313 24.1158 25.2696 26.9333 29.3486 32.294 35.3333 38.0207 40.0672 41.5267 42.6243 43.7168 44.739 45.5495 45.9595 46.1551 46.2299 46.2713 46.3084 46.4539 46.7476 47.2735 47.9889 48.722 49.2285 49.448
0 0.641599 1.01492 0.893138 0.266103 -0.89257 -2.43163 -4.09541 -5.44421 -6.26224 -6.73226 -7.18559 -7.77161 -8.48558 -9.32801 -10.1488 -10.6376 -10.6303 -10.3642 -10.1834 -10.2178 -10.5085 -11.1208 -11.6776 -11.3809 -9.70914 -7.25843 -5.00052 -3.45222 -2.49695 -1.80228 -0.90422 0.617199 2.80093 5.16937 7.45646 9.87226 12.6654 15.5647 18.0667 20.0159 21.5059 22.7551 24.0437 25.708 27.9114 30.4995 33.1747 35.6312 37.6163 39.103 40.2642 41.4512 42.6943 43.7541 44.3722 44.6623 44.8288 45.0065 45.2064 45.4081 45.6558 46.0862 46.764 47.4833 47.9158 47.9392
0 0.169477 0.100896 -0.33851 -1.03941 -2.02009 -3.19485 -4.49064 -5.60261 -6.3649 -6.88472 -7.39063 -7.99813 -8.65522 -9.36708 -10.0749 -10.6096 -10.8807 -11.0557 -11.3339 -11.7534 -12.2728 -12.9685 -13.5472 -13.408 -12.0916 -10.0852 -8.13056 -6.61584 -5.41624 -4.31979 -3.00906 -1.19177 1.14766 3.59275 5.94945 8.36774 11.0332 13.7669 16.195 18.2414 19.9268 21.4243 22.8954 24.5908 26.5848 28.8167 31.1006 33.234 35.0364 36.4829 37.7084 39.0037 40.3743 41.6347 42.5076 43.0268 43.3908 43.7265 44.0757 44.371 44.6835 45.1199 45.7167 46.2444 46.3983 46.1236
0 -0.10109 -0.397861 -0.952691 -1.67957 -2.54759 -3.54507 -4.61501 -5.58179 -6.33385 -6.97043 -7.61776 -8.28078 -8.8862 -9.46773 -10.0329 -10.524 -10.9169 -11.3495 -11.9439 -12.6781 -13.4582 -14.2781 -14.9158 -14.9659 -14.0675 -12.4914 -10.7379 -9.15014 -7.7171 -6.35218 -4.83275 -2.9205 -0.574806 1.91287 4.33684 6.73031 9.19326 11.6807 14.0391 16.1732 18.0295 19.7348 21.4082 23.1557 24.9996 26.9439 28.9042 30.7441 32.3476 33.7625 35.1081 36.5156 37.9671 39.3214 40.4056 41.1905 41.7487 42.1906 42.5853 42.98 43.4679 44.0829 44.6746 44.9297 44.6602 44.0435
0 0.00505782 -0.187025 -0.656128 -1.33968 -2.19498 -3.21843 -4.31131 -5.32996 -6.14555 -6.94275 -7.76854 -8.54058 -9.09863 -9.54291 -9.94474 -10.2959 -10.5955 -11.0361 -11.7261 -12.6399 -13.6014 -14.5657 -15.3222 -15.6055 -15.0777 -13.834 -12.2288 -10.6227 -9.14263 -7.7639 -6.28929 -4.46068 -2.13842 0.376798 2.84039 5.12953 7.33728 9.5453 11.7529 13.8654 15.7788 17.6317 19.4953 21.345 23.0846 24.8068 26.533 28.185 29.7048 31.1617 32.6485 34.2089 35.7132 37.0944 38.2454 39.1407 39.7974 40.2182 40.5718 41.0063 41.7184 42.6357 43.3714 43.4742 42.8398 41.917
