p5_lighting/grds/smoothMount.dem.grd
ncols 129
nrows 129
xllcorner 0
yllcorner 0
cellsize 2
[rows 0 to 29 of 129, columns 0 to 66 of 129]
0 0 0 0 0 0 0 0 0 0 0 0 0 0 0 0 0 0 0 0 0 0 0 0 0 0 0 0 0 0 0 0 0 0 0 0 0 0 0 0 0 0 0 0 0 0 0 0 0 0 0 0 0 0 0 0 0 0 0 0 0 0 0 0 0 0 0
0 -0.404706 -0.809645 -1.1226 -1.25134 -1.21181 -1.08617 -0.891265 -0.613005 -0.322815 -0.0728542 0.131217 0.38647 0.651613 0.829061 0.835929 0.801634 0.802004 0.746364 0.487255 0.0815709 -0.21237 -0.192178 0.149867 0.584067 0.947699 1.21311 1.44454 1.62776 1.76947 1.92126 2.15218 2.47209 2.82713 3.14655 3.28234 3.17351 2.81477 2.38266 2.05318 2.00199 2.22154 2.5702 2.77911 2.69341 2.37749 2.05517 1.87688 1.81968 1.86996 2.04655 2.25553 2.32134 2.12949 1.83584 1.51081 1.15501 0.759278 0.417189 0.168936 -0.0126455 -0.0775881 0.083375 0.469708 0.892673 1.15751 1.23548
0 -0.77826 -1.55351 -2.16619 -2.45866 -2.40935 -2.15736 -1.76096 -1.23933 -0.682702 -0.195062 0.231371 0.706876 1.16536 1.44645 1.46879 1.41814 1.3737 1.197 0.734329 0.133317 -0.224827 -0.0837503 0.528152 1.27408 1.9104 2.41289 2.86571 3.25756 3.58873 3.9379 4.40207 4.99991 5.64194 6.2047 6.47972 6.33043 5.71215 4.87468 4.19373 4.01085 4.3665 4.98452 5.42807 5.39369 4.90011 4.27367 3.83501 3.6907 3.82404 4.20411 4.63265 4.76062 4.40063 3.77097 3.07577 2.37489 1.64315 0.981068 0.485453 0.166345 0.127116 0.472836 1.16254 1.88214 2.33057 2.47314
0 -1.07696 -2.14184 -2.99712 -3.44129 -3.38314 -3.02533 -2.48017 -1.79293 -1.04898 -0.342592 0.290021 0.932811 1.47438 1.8066 1.8782 1.85456 1.73679 1.41702 0.865288 0.334859 0.171696 0.523697 1.27384 2.13171 2.926 3.63803 4.30303 4.90222 5.44737 6.01611 6.70194 7.50199 8.30965 9.01758 9.39609 9.28331 8.51753 7.38508 6.36493 5.97952 6.32245 7.10446 7.76765 7.89491 7.38201 6.5488 5.86297 5.60437 5.81634 6.3941 6.98847 7.17909 6.68137 5.75986 4.70583 3.68723 2.69794 1.78042 1.08143 0.692069 0.768941 1.30247 2.15989 2.97828 3.48831 3.67256
0 -1.27939 -2.51996 -3.50132 -3.99349 -3.90424 -3.48917 -2.90421 -2.19084 -1.33867 -0.471455 0.331138 1.07456 1.68588 2.08924 2.26315 2.29259 2.14136 1.76066 1.25072 0.929439 1.05928 1.58849 2.32827 3.14473 4.03069 4.95106 5.80824 6.55443 7.25366 8.01983 8.90794 9.86849 10.7612 11.5006 11.9017 11.77 10.94 9.64798 8.42344 7.82141 8.05079 8.84725 9.63894 9.87531 9.387 8.50395 7.73456 7.4426 7.71065 8.37579 9.03496 9.21728 8.66426 7.58212 6.29312 5.0389 3.87571 2.82221 2.03008 1.64032 1.815 2.45209 3.33573 4.12383 4.61924 4.86113
0 -1.34243 -2.59413 -3.51207 -3.95034 -3.84962 -3.53138 -3.10655 -2.51723 -1.64808 -0.660224 0.260113 1.09216 1.82854 2.39171 2.69751 2.82024 2.74492 2.46072 2.08958 1.97227 2.2923 2.87905 3.50372 4.22739 5.19399 6.3167 7.34638 8.19801 9.00594 9.93142 11.0039 12.0832 12.9582 13.5709 13.7878 13.5358 12.669 11.41 10.1765 9.45883 9.50733 10.1597 10.8895 11.119 10.6535 9.86198 9.23228 9.05103 9.33861 9.92574 10.4583 10.5435 9.99889 8.94054 7.64896 6.35357 5.18794 4.17247 3.45585 3.11992 3.29115 3.84738 4.62591 5.32898 5.82832 6.19621
0 -1.26056 -2.3702 -3.14696 -3.51333 -3.5191 -3.43603 -3.29941 -2.91441 -2.08431 -1.02973 -0.0131294 0.932108 1.84105 2.61556 3.10892 3.36996 3.45162 3.363 3.18746 3.20819 3.573 4.08073 4.57873 5.24006 6.30087 7.59263 8.80037 9.81555 10.788 11.8934 13.1142 14.2371 14.978 15.304 15.217 14.7579 13.8918 12.769 11.6756 10.9561 10.8418 11.2469 11.7776 11.9255 11.5252 10.9106 10.5149 10.4866 10.7395 11.1018 11.3515 11.2596 10.7212 9.81285 8.70889 7.59812 6.61711 5.81022 5.27069 5.01971 5.09814 5.45483 6.02634 6.6374 7.20324 7.77168
0 -1.03713 -1.91641 -2.54089 -2.95769 -3.2031 -3.43526 -3.54234 -3.28231 -2.49586 -1.43194 -0.37499 0.624414 1.63426 2.59384 3.32166 3.8243 4.09859 4.23992 4.28079 4.43536 4.77499 5.1813 5.60101 6.25823 7.3937 8.82186 10.2678 11.5717 12.838 14.1443 15.4176 16.4074 16.8209 16.7623 16.3543 15.7686 14.9646 14.0302 13.1317 12.4996 12.313 12.4997 12.8024 12.8833 12.6269 12.2354 11.9889 11.9541 12.0231 12.0696 12.0305 11.765 11.2511 10.501 9.66744 8.87169 8.22215 7.69447 7.34923 7.15618 7.15185 7.28515 7.62184 8.11327 8.77572 9.55115
0 -0.782117 -1.42854 -1.97875 -2.5467 -3.104 -3.55444 -3.68417 -3.33797 -2.50825 -1.49365 -0.527525 0.37757 1.34222 2.40668 3.41887 4.22825 4.75096 5.09831 5.37309 5.69409 6.06767 6.43638 6.84789 7.52462 8.70643 10.2706 11.9926 13.6786 15.285 16.7844 17.9906 18.664 18.6282 18.1383 17.5019 16.8911 16.2224 15.4764 14.7731 14.3043 14.173 14.2457 14.3539 14.3792 14.2877 14.095 13.8495 13.5731 13.2836 13.0153 12.7927 12.5249 12.076 11.4405 10.7909 10.2768 9.9284 9.64654 9.41573 9.2546 9.19601 9.1794 9.30157 9.68907 10.4408 11.3746
0 -0.59817 -1.09165 -1.59801 -2.29223 -3.02996 -3.5247 -3.46948 -2.87973 -1.94869 -1.04443 -0.287979 0.394425 1.2181 2.32119 3.5682 4.69976 5.48265 6.07431 6.58384 7.13956 7.64028 8.07314 8.52891 9.25622 10.5166 12.2441 14.254 16.2809 18.1682 19.7512 20.7819 21.0539 20.5136 19.6155 18.7734 18.1893 17.6867 17.1597 16.6782 16.4225 16.4098 16.44 16.3873 16.3219 16.3273 16.2282 15.869 15.2734 14.6311 14.1749 13.9712 13.8317 13.4653 12.8463 12.2291 11.8317 11.6456 11.477 11.2803 11.0987 11.0106 10.9022 10.8764 11.1844 12.0204 13.036
0 -0.505819 -0.950562 -1.434 -2.08792 -2.7474 -3.07901 -2.80653 -2.05265 -1.13466 -0.391087 0.153327 0.669151 1.4282 2.56373 3.96929 5.32716 6.38068 7.21437 7.99255 8.77665 9.45032 9.97668 10.5101 11.3606 12.7845 14.7252 16.9622 19.1985 21.1769 22.7267 23.5706 23.5394 22.6379 21.3854 20.3169 19.6614 19.2794 18.9899 18.7717 18.7017 18.7523 18.7095 18.4963 18.32 18.2917 18.1934 17.748 16.9989 16.2426 15.7977 15.7022 15.6566 15.2884 14.6027 13.901 13.4465 13.2333 13.0669 12.8407 12.6294 12.4929 12.316 12.1865 12.4359 13.2724 14.3315
0 -0.457746 -0.875513 -1.28729 -1.72867 -2.07404 -2.13314 -1.72931 -1.02724 -0.269157 0.279545 0.70063 1.21887 2.05023 3.23472 4.6521 6.09431 7.34218 8.45095 9.46738 10.4584 11.2584 11.8838 12.5532 13.6452 15.3505 17.5314 19.887 22.1042 23.9605 25.3702 26.1348 26.0528 25.0614 23.6267 22.2915 21.4399 21.0322 20.9245 20.9275 20.9845 20.9934 20.8289 20.5061 20.2191 20.0779 19.8844 19.4229 18.7641 18.1517 17.8763 17.8364 17.7522 17.285 16.5095 15.68 15.0636 14.6937 14.4364 14.1869 13.9499 13.744 13.4874 13.2879 13.4723 14.2414 15.2585
0 -0.35167 -0.683148 -0.957512 -1.1471 -1.16689 -0.971571 -0.528193 0.0867444 0.705161 1.15054 1.53133 2.11658 3.06535 4.26719 5.58766 6.98663 8.40221 9.74764 10.9623 12.0473 12.9276 13.6606 14.5496 15.959 17.9926 20.3639 22.6905 24.7041 26.3115 27.5964 28.4269 28.5736 27.812 26.4258 24.8976 23.723 23.1155 22.9932 23.1171 23.2208 23.1346 22.8321 22.4344 22.103 21.8508 21.5576 21.1159 20.6041 20.2077 20.0393 19.9649 19.7621 19.2386 18.4345 17.5025 16.6534 16.0232 15.6273 15.3885 15.1879 14.9367 14.5926 14.3406 14.4775 15.1506 16.0903
0 -0.165062 -0.31349 -0.412385 -0.385374 -0.199947 0.136455 0.629446 1.26721 1.92149 2.40748 2.77998 3.38206 4.36108 5.5034 6.63756 7.93233 9.44303 11.0021 12.3498 13.4834 14.4484 15.3602 16.5332 18.2559 20.5344 22.9506 25.1347 26.8952 28.3195 29.5805 30.5938 31.105 30.759 29.6253 28.0377 26.5991 25.674 25.3675 25.438 25.5076 25.3271 24.9024 24.4774 24.1239 23.8201 23.4272 22.9252 22.4341 22.0789 21.9111 21.7379 21.4723 20.9805 20.2509 19.2752 18.215 17.3268 16.7729 16.5657 16.4211 16.1595 15.7315 15.4328 15.5423 16.1655 17.02
0 0.09697 0.176092 0.277309 0.460832 0.75639 1.16624 1.7168 2.44199 3.21118 3.79262 4.19496 4.7599 5.66423 6.68012 7.65551 8.82707 10.3844 12.0694 13.5444 14.7696 15.8996 17.0785 18.545 20.4623 22.7755 25.0912 27.1033 28.7549 30.1807 31.5437 32.7647 33.6 33.6288 32.784 31.3262 29.8266 28.7162 28.1623 28.0349 27.9467 27.6271 27.1029 26.6112 26.2241 25.856 25.3799 24.7824 24.1857 23.7459 23.4599 23.1902 22.8732 22.444 21.8075 20.8736 19.7521 18.74 18.0931 17.8548 17.7126 17.4077 16.9166 16.5598 16.6228 17.1854 17.9387
0 0.35191 0.650457 0.90915 1.22583 1.63021 2.15256 2.77753 3.53158 4.29444 4.92297 5.40591 5.99167 6.80182 7.6845 8.55229 9.64281 11.1686 12.9102 14.5556 15.9848 17.4053 18.8999 20.6374 22.5975 24.7549 26.8136 28.7021 30.4 32.0224 33.5951 35.0127 36.0413 36.2699 35.6538 34.4367 33.1208 32.0304 31.3052 30.9052 30.5633 30.1025 29.4752 28.8598 28.2844 27.7651 27.1963 26.553 25.9052 25.3749 24.9993 24.6333 24.2574 23.8141 23.2418 22.4247 21.4296 20.4942 19.8163 19.4736 19.1843 18.7856 18.2047 17.7527 17.6787 18.069 18.6791
0 0.58382 1.02777 1.34658 1.70488 2.24307 2.95315 3.71645 4.43726 5.09026 5.70749 6.3406 7.04898 7.84253 8.64788 9.4979 10.5582 12.019 13.7469 15.5226 17.218 18.9648 20.826 22.8024 24.759 26.6152 28.3435 30.0877 31.9419 33.8728 35.7521 37.3787 38.5353 38.9058 38.4651 37.4372 36.2742 35.2513 34.4499 33.824 33.2586 32.6619 31.9323 31.0769 30.1978 29.4484 28.8438 28.2852 27.7365 27.2853 26.9206 26.5164 26.0552 25.5711 25.0322 24.3254 23.4705 22.6155 21.8988 21.3563 20.8685 20.3125 19.6445 19.05 18.7662 18.92 19.35
0 0.693803 1.15085 1.38596 1.70259 2.35446 3.32113 4.29717 5.07375 5.68093 6.33891 7.16711 8.09079 8.97977 9.82202 10.7359 11.819 13.2257 14.8647 16.6889 18.5541 20.6297 22.8609 25.1444 27.1139 28.6717 29.9783 31.4944 33.4204 35.6675 37.8923 39.7624 41.0851 41.626 41.338 40.3368 39.1283 38.1013 37.2799 36.5659 35.875 35.1915 34.298 33.164 31.9366 31.0089 30.4266 30.039 29.7104 29.4964 29.2891 28.9304 28.4574 27.9871 27.502 26.8381 26.0041 25.1084 24.2629 23.5089 22.7833 22.0484 21.2155 20.4488 19.9557 19.9002 20.1971
0 0.579937 0.899162 1.00402 1.27748 2.07219 3.29189 4.54772 5.54223 6.30608 7.11473 8.13833 9.26127 10.3002 11.259 12.2779 13.4208 14.7615 16.2727 17.9993 19.9697 22.3262 24.9918 27.6265 29.708 31.0186 31.9146 33.0662 34.8811 37.2825 39.8239 41.986 43.5076 44.1837 43.943 42.8816 41.5909 40.5382 39.7677 39.0624 38.3035 37.4514 36.3289 34.9125 33.4997 32.5283 32.0184 31.7912 31.6989 31.757 31.7738 31.5634 31.1958 30.8198 30.3958 29.7461 28.8563 27.8314 26.7973 25.7952 24.8182 23.8319 22.7961 21.8521 21.2254 21.0801 21.3005
0 0.280191 0.387577 0.402355 0.722829 1.65226 3.0983 4.64892 6.0178 7.12579 8.17814 9.33243 10.5538 11.7108 12.817 13.977 15.1931 16.5336 17.9449 19.6159 21.6324 24.2507 27.2972 30.3081 32.5657 33.7888 34.3651 35.1134 36.6182 38.9397 41.6336 44.0116 45.6418 46.2367 45.9236 44.8844 43.7023 42.7493 42.0611 41.4188 40.6059 39.5695 38.1648 36.5644 35.0728 34.1513 33.6978 33.5703 33.5983 33.8299 34.032 34.0452 33.8639 33.5868 33.2228 32.6254 31.7602 30.6526 29.449 28.22 26.9708 25.7199 24.4293 23.2848 22.5307 22.3489 22.5769
0 0.0909236 0.0900071 0.123131 0.501969 1.49688 3.04309 4.85476 6.5984 8.08293 9.37251 10.6123 11.859 13.0798 14.3195 15.6313 16.9643 18.3534 19.8373 21.5784 23.726 26.5161 29.8344 33.1216 35.6069 36.9028 37.3819 37.8498 39.0247 41.1102 43.7433 46.1559 47.7069 48.0896 47.6184 46.6847 45.7216 44.8999 44.2786 43.6963 42.9199 41.7733 40.2097 38.4665 36.9415 35.9987 35.54 35.3951 35.4413 35.7246 36.0814 36.2991 36.2642 36.0285 35.7274 35.292 34.5685 33.463 32.1112 30.6574 29.2133 27.7782 26.2831 24.8724 23.8908 23.6463 23.9533
0 0.215237 0.365785 0.526783 0.944986 1.84348 3.32979 5.23111 7.23019 8.98722 10.4773 11.8368 13.1233 14.3946 15.753 17.2595 18.7781 20.3665 22.081 24.1168 26.4722 29.3795 32.7708 36.1872 38.8426 40.3356 40.9357 41.3879 42.3793 44.187 46.5428 48.7013 50.0144 50.1469 49.5863 48.7388 47.9345 47.1579 46.5208 46.0011 45.3496 44.3236 42.7775 40.9915 39.3498 38.2635 37.6328 37.3508 37.3223 37.6309 38.1059 38.4682 38.498 38.285 38.0831 37.8774 37.3624 36.272 34.7608 33.0905 31.4967 29.9789 28.3264 26.6014 25.3194 24.9824 25.4291
0 0.572707 1.06255 1.48715 1.98308 2.79336 4.11185 5.93161 7.92479 9.78191 11.4435 12.9769 14.3909 15.7552 17.2354 18.9234 20.6952 22.5761 24.6653 27.0709 29.7288 32.7343 36.1008 39.4682 42.1831 43.8505 44.7153 45.3575 46.3438 47.908 49.8726 51.6475 52.6523 52.6427 52.0292 51.2319 50.4455 49.6316 48.9284 48.3985 47.855 46.9721 45.5778 43.8316 42.1368 40.8447 39.9549 39.4214 39.2672 39.5767 40.1313 40.5865 40.7042 40.5996 40.588 40.619 40.2586 39.1245 37.3881 35.4455 33.6611 32.0099 30.1899 28.2222 26.7363 26.396 27.0182
0 0.954678 1.83062 2.59206 3.29291 4.12478 5.32929 6.94817 8.80013 10.6541 12.4323 14.141 15.7234 17.2643 18.8984 20.7289 22.7289 24.9576 27.4367 30.2118 33.143 36.2837 39.5822 42.8014 45.4039 47.1473 48.2324 49.124 50.188 51.5783 53.1844 54.5972 55.393 55.321 54.7062 53.8811 53.05 52.2027 51.4611 50.876 50.2845 49.4333 48.164 46.6166 45.0201 43.6284 42.4636 41.6165 41.2364 41.4151 41.9236 42.4124 42.654 42.771 42.9924 43.2144 42.9521 41.7664 39.857 37.6578 35.6043 33.6605 31.5936 29.4876 28.0343 27.8468 28.7038
0 1.2659 2.47795 3.56734 4.53135 5.49691 6.65824 8.14548 9.8706 11.6988 13.5288 15.3426 17.15 18.9566 20.7689 22.6668 24.7696 27.2147 29.9806 33.0076 36.1801 39.4588 42.7303 45.7328 48.1567 49.8599 51.06 52.0964 53.2489 54.5871 56.0368 57.3017 58.0286 57.961 57.2851 56.3313 55.3902 54.5436 53.8381 53.214 52.4807 51.5052 50.341 49.0948 47.7975 46.4276 45.0378 43.8696 43.1612 43.0397 43.2949 43.6563 43.9461 44.2331 44.6626 45.0658 44.9769 43.9145 42.0077 39.6692 37.3535 35.0943 32.7609 30.5933 29.2781 29.3656 30.4585
0 1.53963 3.02671 4.40771 5.6049 6.68326 7.84769 9.29155 11.0249 12.8941 14.7705 16.671 18.678 20.7426 22.7459 24.6777 26.7666 29.2352 32.066 35.1925 38.487 41.8898 45.131 47.9656 50.1839 51.7987 52.9978 54.0662 55.2885 56.7268 58.2972 59.648 60.4379 60.3326 59.4873 58.297 57.2054 56.3867 55.8047 55.2407 54.4436 53.4045 52.3847 51.5207 50.5636 49.2366 47.6142 46.0974 44.9948 44.4138 44.2138 44.2405 44.3801 44.6823 45.2284 45.8072 45.9991 45.2421 43.5766 41.2868 38.8814 36.4549 33.9768 31.7566 30.556 30.8597 32.1321
0 1.78047 3.51841 5.15066 6.58924 7.80741 9.00092 10.4503 12.211 14.1454 16.1172 18.1322 20.2696 22.4969 24.6421 26.6446 28.6994 31.0846 33.8356 36.8921 40.1606 43.5385 46.7517 49.4775 51.5942 53.1294 54.2918 55.3466 56.6328 58.2811 60.157 61.7769 62.6556 62.4189 61.2912 59.8127 58.5936 57.844 57.4294 57.026 56.3477 55.4504 54.6939 54.1676 53.4454 52.069 50.1896 48.308 46.776 45.6791 44.9173 44.4708 44.326 44.5662 45.1902 45.9349 46.334 45.8691 44.5017 42.443 40.1401 37.737 35.2333 33.001 31.8233 32.208 33.5144
0 2.02421 3.99531 5.86467 7.5228 8.91793 10.2044 11.6828 13.4658 15.4628 17.5481 19.6728 21.8771 24.1484 26.3771 28.4729 30.5463 32.8681 35.4869 38.4004 41.5081 44.7262 47.8273 50.5266 52.6616 54.2007 55.3516 56.429 57.8395 59.7242 61.9244 63.8197 64.7831 64.384 62.9635 61.2457 59.9461 59.2715 58.9947 58.7758 58.3324 57.7437 57.3047 56.9937 56.3161 54.8195 52.6924 50.481 48.5605 47.0065 45.7485 44.8378 44.4016 44.581 45.2582 46.036 46.4278 46.0267 44.8809 43.1078 41.02 38.6841 36.208 34.0005 32.8315 33.1246 34.327
0 2.27494 4.47654 6.5182 8.29872 9.80554 11.2387 12.859 14.7517 16.8498 19.0236 21.2376 23.5071 25.8361 28.1048 30.2272 32.288 34.5137 37.018 39.8188 42.7987 45.8142 48.7405 51.4227 53.6996 55.3876 56.6263 57.8207 59.4158 61.5321 63.9392 65.9936 66.9792 66.443 64.8321 63.0105 61.6842 61.0025 60.7423 60.6055 60.3386 59.9859 59.7284 59.4644 58.7306 57.1309 54.8951 52.52 50.3868 48.5757 47.0005 45.7645 45.0846 45.1756 45.7944 46.4321 46.6232 46.1464 45.0919 43.522 41.5572 39.2464 36.8019 34.6974 33.5312 33.6245 34.56
0 2.49519 4.88257 7.01832 8.79304 10.3208 11.9052 13.8077 15.9714 18.2606 20.5381 22.8277 25.1884 27.6345 29.9598 32.0657 34.0062 36.0731 38.4491 41.2008 44.1405 47.0139 49.7782 52.4399 54.8821 56.8155 58.2873 59.6972 61.4995 63.7834 66.294 68.3968 69.3512 68.7536 67.1185 65.3677 64.0477 63.2507 62.8106 62.5655 62.2491 61.8522 61.5029 61.128 60.3046 58.7251 56.5773 54.3103 52.2361 50.4066 48.7513 47.3673 46.5251 46.4294 46.7592 47.04 46.9113 46.3143 45.2718 43.7488 41.797 39.5003 37.1774 35.2308 34.0876 33.8834 34.4034
