p3_terrainSpline/my2.dem.grd
ncols 257
nrows 257
xllcorner 0
yllcorner 0
cellsize 10
[rows 30 to 59 of 257, columns 0 to 66 of 257]
30 29.046 28.0921 23.159 18.2259 15.9259 13.6259 17.5724 21.5189 23.8326 26.1464 30.254 34.3615 30.0863 25.811 25.8207 25.8304 29.3012 32.7719 29.3583 25.9446 23.6402 21.3358 18.5731 15.8103 12.7854 9.7604 10.4839 11.2075 7.00243 2.79737 0.184919 -2.42754 -2.09315 -1.75876 -0.250132 1.25849 0.0440271 -1.17044 -1.67299 -2.17553 -4.01859 -5.86166 -2.6302 0.60125 -0.0414007 -0.684052 1.58595 3.85596 5.15154 6.44711 2.56478 -1.31756 2.10301 5.52358 5.017 4.51042 4.0778 3.64518 8.89958 14.154 14.0571 13.9602 16.5079 19.0556 21.485 23.9144
31 32.6937 28.8985 27.5961 22.8178 22.4057 19.3702 18.8785 22.1691 22.1759 23.3353 24.4939 26.2953 23.9729 20.8724 19.3189 19.7345 20.4639 22.0577 20.9403 17.4965 15.4365 14.0445 13.9913 10.1342 9.33394 5.9616 6.90917 5.53756 3.54132 0.184919 -0.742938 -3.57512 -1.79356 -2.59129 -0.361908 -0.433229 -2.67778 -0.998257 0.1124 -0.851365 -3.76419 -2.04499 -0.413988 1.8359 1.76654 1.84269 2.9323 4.76213 6.16484 6.70715 4.27604 3.47425 5.38322 7.54426 6.55588 7.68712 8.04792 7.90394 9.40104 13.8078 14.6922 14.3603 14.0491 17.5575 18.1732 21.265
32 30.8524 29.7048 28.5572 27.4097 26.2621 25.1145 23.9669 22.8193 21.6717 20.5242 19.3766 18.229 17.0814 15.9338 14.7862 13.6386 12.4911 11.3435 10.1959 9.04831 7.90072 6.75314 5.60556 4.45797 3.31039 2.1628 1.01522 -0.132368 -1.27995 -2.42754 -3.57512 -4.72271 -4.07327 -3.42383 -2.77439 -2.12495 -1.47551 -0.826075 -0.176636 0.472802 1.12224 1.77168 2.42112 3.07056 3.71999 4.36943 5.01887 5.66831 6.31775 6.96719 7.61663 8.26606 8.9155 9.56494 10.2144 10.8638 11.5133 12.1627 12.8121 13.4616 14.111 14.7604 15.4099 16.0593 17.3375 18.6156
33 27.9073 25.3507 24.895 26.6188 26.1426 26.5448 22.8904 21.1947 21.2496 21.3805 20.2495 21.9211 18.1426 17.4864 17.8331 15.8537 12.4562 10.7915 12.2769 9.93181 9.51215 8.35103 8.53377 7.55002 4.06962 3.16219 3.07897 2.81729 0.929711 0.108063 -0.916457 -4.07327 -0.670519 -4.86677 -4.336 -5.01442 -1.06837 -0.396484 -1.16505 -0.618896 1.98872 4.93153 5.61828 3.24251 5.08524 7.57814 12.5757 9.9271 8.44354 13.0243 15.217 15.2199 14.6585 12.4689 12.5186 13.4616 11.8347 11.624 11.7824 15.2961 13.3359 14.8138 14.6765 14.5612 14.0082 14.7602
34 27.4983 20.9966 23.4122 25.8279 26.9015 27.9751 23.7726 19.57 20.9034 22.2368 23.925 25.6133 22.3261 19.0389 18.5539 18.0688 14.1542 10.2396 10.5275 10.8153 10.3821 9.94892 10.2955 10.6421 7.40183 4.16158 4.96426 5.76694 4.2053 2.64366 -0.390083 -3.42383 -4.86677 -6.30972 -7.1068 -7.90388 -3.93539 0.0331073 -0.838744 -1.71059 3.19039 8.09137 5.75292 3.41447 7.10066 10.7868 12.4864 14.1859 16.6336 19.0813 20.6275 22.1737 18.7733 15.3728 15.7161 16.0594 13.5723 11.0853 14.108 17.1306 15.9989 14.8672 13.9651 13.063 11.9839 10.9048
35 32.3224 25.5598 23.4604 25.037 25.5615 24.1293 20.3127 17.9453 20.89 23.448 26.4945 29.3055 23.3438 23.3936 22.8002 20.2839 16.056 13.8901 11.6745 11.6988 12.1933 12.3266 12.948 13.7341 10.0948 9.2039 8.4724 8.7166 4.2809 3.70716 -0.339111 -2.77439 -4.56798 -7.1068 -8.0671 -10.7933 -8.36353 -4.37765 -3.93706 -2.80229 0.955127 4.01178 2.46205 3.58643 7.40668 12.0089 16.7082 18.4447 21.4449 24.2369 26.4027 29.1276 25.5855 22.0205 20.9735 18.6571 17.7368 16.0563 16.4137 18.9651 16.5819 15.1502 12.9626 11.5649 11.0911 10.2239
36 33.0615 30.123 27.1846 24.2461 22.2647 20.2834 18.302 16.3206 20.4899 24.6591 28.8284 32.9976 30.373 27.7483 25.1236 22.499 20.0198 17.5407 15.0615 12.5823 13.6433 14.7043 15.7652 16.8262 15.5362 14.2462 12.9562 11.6663 8.21845 4.77065 1.32285 -2.12495 -5.01442 -7.90388 -10.7933 -13.6828 -11.2356 -8.7884 -6.3412 -3.89399 -1.9809 -0.0678048 1.84529 3.75838 8.49466 13.2309 17.9672 22.7035 26.048 29.3925 32.7369 36.0814 32.3748 28.6682 24.9615 21.2549 21.1411 21.0273 20.9135 20.7997 18.1164 15.4332 12.75 10.0667 9.80492 9.5431
37 32.6334 27.3827 23.8501 24.4123 23.2023 21.0169 18.172 14.696 17.1225 23.23 26.9561 29.8959 28.8529 25.5612 25.9149 24.7141 20.5805 22.3386 19.6059 17.006 19.3763 17.8697 16.9051 19.9182 21.269 17.6627 16.3978 12.4581 9.83917 4.27459 1.41045 -1.47551 -3.04929 -7.10073 -10.1375 -11.2356 -11.1405 -8.97678 -7.61047 -4.98569 0.110288 -0.657939 3.86693 6.75352 12.1494 16.4111 23.0025 26.9623 26.8659 30.6073 34.5303 35.9842 32.1444 28.9759 26.4079 23.8527 20.5889 22.5034 21.7658 20.0648 13.8129 11.7833 9.61833 8.5686 8.45132 12.5153
38 31.3212 24.6423 24.6104 24.5785 23.1645 21.7504 17.4109 13.0713 17.4361 21.8009 24.2975 26.7941 25.0842 23.3742 25.1517 26.9292 27.0329 27.1366 24.2831 21.4296 21.2324 21.0352 22.0228 23.0103 22.0448 21.0793 17.1646 13.2499 8.51423 3.77853 1.47623 -0.826075 -3.56183 -6.29758 -7.54299 -8.7884 -8.97678 -9.16516 -7.62127 -6.07739 -3.66273 -1.24807 4.25029 9.74865 14.6699 19.5912 25.4061 31.2211 31.5216 31.8221 33.8545 35.8869 32.5853 29.2837 27.8671 26.4504 25.215 23.9796 21.6547 19.3299 13.7316 8.1334 7.60192 7.07045 11.279 15.4876
39 34.7973 28.5489 25.082 24.7448 20.9569 19.5584 14.4983 11.4466 14.6543 18.5036 20.728 23.6924 25.66 24.6746 26.9 29.1442 29.6845 28.9774 27.1268 25.8532 26.251 25.3854 25.1564 26.1023 23.3231 21.5466 18.4696 14.0418 10.3223 5.71586 3.21134 -0.176636 -1.74714 -4.00409 -3.57759 -6.3412 -5.16201 -7.62127 -7.42006 -7.16909 -2.5431 1.2455 6.7965 12.7438 17.9493 23.665 28.7996 35.4799 34.7206 34.7688 34.5483 35.7896 34.2239 31.4764 29.0237 29.0482 27.4191 24.3663 20.9001 18.595 14.1776 9.55026 10.0402 5.5723 10.0323 11.806
40 36.2277 32.4555 28.6832 24.911 21.1387 17.3665 13.5942 9.82197 12.5141 15.2063 17.8985 20.5906 23.2828 25.975 28.6672 31.3593 31.0887 30.8181 30.5475 30.2769 30.0062 29.7356 29.465 29.1944 25.6042 22.014 18.4238 14.8336 11.2434 7.6532 4.063 0.472802 -0.618896 -1.71059 -2.80229 -3.89399 -4.98569 -6.07739 -7.16909 -8.26079 -2.26086 3.73907 9.739 15.7389 21.7389 27.7388 33.7387 39.7386 38.7271 37.7155 36.7039 35.6923 34.6807 33.6692 32.6576 31.646 28.1995 24.753 21.3065 17.8601 14.4136 10.9671 7.52064 4.07416 6.09933 8.12451
41 40.3055 39.0717 35.2548 31.9425 27.8273 21.6028 19.4211 14.6617 16.0134 18.64 21.4188 29.1498 29.9354 29.1583 33.1671 33.5744 33.1572 33.2368 34.0329 31.6905 32.8934 33.2478 29.849 28.9669 24.9208 20.6283 16.4478 13.3948 10.8432 8.50034 3.68022 1.12224 1.09049 3.67442 2.07612 -1.94603 -4.47927 -5.71098 -3.46538 -2.26086 4.201 10.7315 14.9949 22.6941 29.4778 32.0096 37.3308 43.9974 41.5277 39.2861 38.5494 37.4078 37.8388 35.7412 33.9526 31.8089 29.3713 25.6301 21.3056 18.1096 13.3292 10.5857 7.13418 2.57601 6.79761 10.2028
42 43.8439 45.6878 42.331 38.9741 32.4066 25.8391 22.6703 19.5015 20.7875 22.0736 29.8913 37.709 35.0253 32.3417 34.0656 35.7895 35.7225 35.6555 34.3798 33.1042 34.9321 36.7599 32.7496 28.7393 23.991 19.2427 15.5993 11.956 10.6517 9.34747 5.55958 1.77168 5.41555 9.05943 4.53068 0.00192428 -2.67133 -5.34458 -0.802753 3.73907 10.7315 17.7239 23.6866 29.6493 32.9649 36.2805 42.2683 48.2562 44.5565 40.8568 39.99 39.1232 38.4682 37.8133 34.8925 31.9717 29.2395 26.5072 22.4332 18.3592 14.2817 10.2043 5.64108 1.07787 6.67948 12.2811
43 46.357 47.1032 47.1078 46.0057 41.0123 33.4741 30.2197 24.3412 25.9857 32.0389 39.4909 46.2682 42.0406 39.9326 38.6019 38.0046 38.5014 36.8655 36.5665 34.5178 32.7635 34.4339 31.8875 28.5118 23.9226 18.962 13.8118 10.5172 9.59147 7.71097 5.43363 2.42112 6.99446 6.27181 2.67365 1.94988 3.43274 2.2369 6.94784 9.739 16.0069 23.6866 29.1321 36.6045 38.974 43.2236 48.322 52.515 47.0572 45.2604 43.5644 40.8387 38.5819 37.6195 36.0983 32.1346 30.6444 26.0425 22.0722 18.6087 13.3556 9.3371 4.9212 -0.42028 6.03957 12.1658
44 46.2593 48.5186 50.7779 53.0372 47.0732 41.1091 35.145 29.181 35.5926 42.0042 48.4157 54.8273 51.1754 47.5235 43.8716 40.2197 39.1476 38.0756 37.0035 35.9315 34.0197 32.1079 30.1961 28.2843 23.4828 18.6813 13.8798 9.07836 7.57641 6.07446 4.57251 3.07056 3.27738 3.4842 3.69102 3.89784 6.85811 9.81838 12.7787 15.7389 22.6941 29.6493 36.6045 43.5596 46.8632 50.1667 53.4703 56.7738 53.2189 49.6639 46.109 42.5541 39.9899 37.4258 34.8616 32.2975 28.9377 25.5779 22.2181 18.8583 13.6641 8.46992 3.27574 -1.91843 5.06604 12.0505
45 47.5878 47.6471 48.6664 51.8454 49.6774 47.0128 40.8528 34.0207 38.2091 40.8923 43.1865 53.323 48.966 43.7132 42.3541 42.4347 39.5593 37.0736 37.779 36.5054 35.0868 33.0983 32.1489 28.0567 24.0237 19.151 14.7108 10.9391 10.6066 7.00422 3.27824 3.71999 3.44313 2.74969 6.08403 8.59925 10.6707 15.8419 20.8117 21.7389 28.2986 35.2487 40.2016 46.8632 49.8642 54.6571 59.6628 61.0326 57.9221 52.5111 47.8657 45.2603 42.806 40.8305 37.3882 32.4604 27.3992 25.2391 21.983 17.2734 12.848 11.222 3.85877 -3.41657 3.72017 8.88068
46 46.3878 46.7755 48.7146 50.6536 51.7851 52.9165 45.8885 38.8605 39.3205 39.7805 45.7996 51.8187 45.8608 39.903 42.2764 44.6498 40.3607 36.0716 36.5755 37.0793 35.584 34.0887 30.9589 27.8292 23.7249 19.6206 16.2102 12.7998 10.3669 7.93398 6.1517 4.36943 3.1923 2.01517 7.65792 13.3007 17.583 21.8653 24.8021 27.7388 34.2934 40.8481 45.5074 50.1667 54.6571 59.1475 62.2194 65.2914 60.3248 55.3583 51.6624 47.9665 46.1008 44.2351 38.4292 32.6232 28.7618 24.9004 20.2945 15.6886 14.8314 13.9741 4.5297 -4.91472 0.398068 5.71086
47 46.3876 47.4553 47.4636 49.4618 48.3139 50.6608 44.761 43.7002 44.9666 44.2278 47.3395 50.3143 48.4269 44.424 44.864 46.8649 46.8086 39.8626 39.8637 37.6532 34.3625 33.4446 30.9189 27.6017 23.8968 20.7842 17.2826 14.6605 10.3851 9.51437 6.68572 5.01887 4.86466 8.10053 13.0175 18.0021 25.0254 26.5432 29.1548 33.7387 40.4898 44.5522 48.4371 53.4703 58.8385 62.2194 64.6313 69.5502 61.9896 59.4761 56.9344 50.6728 47.0116 43.6996 38.34 32.7861 26.678 23.8172 19.6445 14.1038 10.3711 8.13906 2.98402 -6.41286 -2.32427 1.57248
48 48.0675 48.135 48.2025 48.27 48.3375 48.405 48.4725 48.54 48.6075 48.675 48.7425 48.81 48.8775 48.945 49.0125 49.08 46.3668 43.6535 40.9403 38.2271 35.5138 32.8006 30.0874 27.3742 24.6609 21.9477 19.2345 16.5212 13.808 11.0948 8.38154 5.66831 9.9271 14.1859 18.4447 22.7035 26.9623 31.2211 35.4799 39.7386 43.9974 48.2562 52.515 56.7738 61.0326 65.2914 69.5502 73.809 68.7015 63.594 58.4865 53.379 48.2715 43.164 38.0565 32.949 27.8415 22.734 17.6265 12.519 7.41149 2.30399 -2.80351 -7.91101 -5.23845 -2.56589
49 49.703 50.4969 49.2761 49.5096 49.5178 47.4255 45.5855 42.6062 41.9351 44.8044 44.6656 42.7955 44.9327 44.5439 47.3312 48.5144 46.0243 44.0452 41.7201 39.6945 37.3584 37.3805 32.9748 28.5843 27.0677 22.4038 21.3695 17.7821 14.0302 9.84144 6.33069 6.31775 7.63369 10.7275 16.2122 21.8426 27.8038 32.0951 34.1502 38.2244 41.4998 47.034 50.0364 57.1811 60.584 64.2528 69.0143 68.7015 63.8584 59.9692 57.1651 53.5131 48.632 43.4331 36.4033 32.1479 29.8509 26.3251 21.0769 14.074 9.53056 3.67213 -2.10248 -9.40916 -8.02252 -3.17245
50 51.4294 52.8588 51.804 50.7491 48.5976 46.4461 41.5592 36.6724 38.8031 40.9338 38.8574 36.7811 38.462 40.1429 44.0458 47.9487 46.1928 44.437 42.7994 41.1618 41.5611 41.9604 35.8774 29.7945 26.3272 22.8599 20.9514 19.0429 13.8155 8.5881 7.77765 6.96719 7.11811 7.26904 14.1254 20.9818 26.9755 32.9692 34.8396 36.7101 41.2609 45.8117 51.7 57.5884 60.4014 63.2143 63.4041 63.594 59.9692 56.3445 54.9959 53.6472 48.6747 43.7022 37.5244 31.3467 30.6315 29.9163 22.7726 15.6289 10.3346 5.04028 -2.93351 -10.9073 -7.34316 -3.77902
51 52.0644 52.7365 52.1636 51.9887 47.2832 42.7313 39.221 30.7386 33.4471 32.8561 30.2885 30.7666 32.7108 37.9638 41.6889 47.3831 46.1461 44.947 43.123 42.6292 43.5386 40.0581 37.3597 31.0047 27.6241 24.8748 23.9451 20.3037 15.8214 11.7517 9.57896 7.61663 7.46601 10.5161 16.7901 20.121 26.633 29.72 33.0891 35.1958 41.6598 45.927 52.1972 57.9957 57.4957 59.5526 59.5066 58.4865 56.1755 54.9959 55.9401 53.7813 50.4099 42.7661 37.0378 30.5456 28.4864 27.079 22.3073 17.1839 10.7649 3.72895 -4.53973 -12.4054 -9.71352 -9.42313
52 52.3071 52.6141 52.9212 53.2283 46.1224 39.0165 31.9106 24.8048 24.7916 24.7784 24.7653 24.7521 30.2684 35.7848 41.3011 46.8174 46.1372 45.457 44.7768 44.0966 41.1261 38.1557 35.1853 32.2148 29.5523 26.8897 24.2271 21.5645 18.2399 14.9153 11.5907 8.26606 11.0146 13.7631 16.5116 19.2601 22.8655 26.4708 30.0762 33.6815 39.8619 46.0423 52.2226 58.403 57.147 55.891 54.635 53.379 53.5131 53.6472 53.7813 53.9155 47.8727 41.83 35.7872 29.7445 26.9931 24.2417 21.4903 18.7389 10.5782 2.41763 -5.74298 -13.9036 -14.4854 -15.0672
53 50.5014 48.9464 49.4574 47.0549 40.0452 33.8133 25.2849 18.8709 21.0845 19.6454 20.6895 24.2671 30.3701 35.1836 41.6942 46.2518 45.6313 43.6857 42.9679 43.2737 42.8354 41.6578 35.639 33.425 30.0447 27.0563 28.8752 22.1633 17.4668 15.4173 13.4617 8.9155 10.3401 14.9181 18.4314 19.2561 23.1175 26.6036 29.6616 32.1672 36.9648 39.8352 46.3157 51.3739 50.1922 50.6744 46.1883 48.2715 49.9472 49.8527 49.8824 47.8727 44.3881 39.7551 34.2531 28.9434 24.5228 22.9542 18.4445 14.8846 9.15188 0.313301 -9.12839 -15.4017 -16.4254 -17.146
54 49.6393 45.2786 43.08 40.8815 34.7458 28.61 20.7736 12.9371 13.7248 14.5124 19.1473 23.7821 29.1823 34.5825 40.1343 45.6861 43.8002 41.9143 42.1826 42.4509 43.8054 45.16 39.8976 34.6352 30.929 27.2229 24.9925 22.7621 19.3407 15.9194 12.7422 9.56494 12.8191 16.0732 17.6627 19.2521 22.9942 26.7363 28.6946 30.6529 32.1405 33.6281 38.9865 44.3448 44.9013 45.4578 44.3109 43.164 44.6111 46.0582 43.9441 41.83 39.7551 37.6803 32.9113 28.1422 24.9045 21.6668 16.3486 11.0304 4.61968 -1.79103 -9.34546 -16.8999 -18.0623 -19.2248
55 48.7557 43.773 39.9933 34.7081 29.7383 21.7061 14.8794 7.00332 8.81552 13.2266 18.499 23.2972 28.5554 34.133 39.0656 45.1205 43.3026 42.2972 42.2534 41.628 37.9788 42.0451 39.1561 35.8453 33.9999 28.8652 25.39 23.3609 20.9086 16.6656 14.1245 10.2144 12.6585 15.5636 15.9555 19.2481 21.3446 25.0853 26.0221 29.1386 29.8487 31.2918 33.8168 37.3158 37.1479 38.5378 36.5818 38.0565 37.3657 38.7025 35.5855 35.7872 33.9967 32.9113 28.4244 27.3411 22.9697 18.2989 11.3948 7.17614 1.46388 -5.03908 -13.3614 -18.398 -17.4481 -17.4904
56 49.1337 42.2674 35.4011 28.5348 21.6684 14.8021 7.93582 1.0695 6.50517 11.9408 17.3765 22.8122 28.2478 33.6835 39.1192 44.5548 43.6174 42.68 41.7426 40.8052 39.8677 38.9303 37.9929 37.0555 33.7815 30.5076 27.2336 23.9597 20.6857 17.4117 14.1378 10.8638 12.9589 15.054 17.149 19.2441 21.3392 23.4342 25.5293 27.6244 28.2899 28.9555 29.6211 30.2867 30.9522 31.6178 32.2834 32.949 32.1479 31.3467 30.5456 29.7445 28.9434 28.1422 27.3411 26.54 20.7355 14.9309 9.12642 3.3219 -2.48262 -8.28714 -14.0917 -19.8962 -17.8261 -15.756
57 51.2255 47.663 38.702 32.3389 26.0914 19.8659 14.6214 7.43767 11.8549 15.5321 19.5589 28.0844 30.6382 33.6315 35.905 43.9892 42.9867 41.4532 42.7605 40.6514 41.2835 41.6877 38.1059 35.9291 30.6217 29.751 29.428 27.2681 23.76 20.0227 16.4487 11.5133 13.3116 13.672 17.1947 15.2934 19.6769 20.8365 23.2946 24.6806 27.646 27.5467 24.3336 24.4806 24.741 25.8578 23.5081 27.8415 29.3809 25.2945 25.0698 26.8157 27.8759 23.6066 21.9525 20.7355 16.836 9.88047 3.86283 -3.41854 -7.87241 -14.5818 -18.2037 -21.3943 -19.7688 -17.514
58 55.5293 53.0586 44.6008 36.1431 30.5364 24.9297 19.3678 13.8058 16.4646 19.1233 26.2399 33.3566 33.468 33.5795 38.5015 43.4235 41.825 40.2264 40.362 40.4976 42.4713 44.445 39.6239 34.8027 31.8986 28.9945 29.7855 30.5765 26.6051 22.6337 17.3982 12.1627 12.2264 12.2901 11.8164 11.3428 14.7908 18.2389 19.9878 21.7368 23.9373 26.1378 22.4062 18.6745 19.3862 20.0978 21.4159 22.734 20.9881 19.2423 21.5646 23.887 21.479 19.071 17.001 14.9309 9.88047 4.82999 -2.66449 -10.159 -15.5177 -20.8765 -21.8845 -22.8925 -21.0822 -19.2719
59 55.6628 52.4671 47.0367 39.9472 36.7103 30.0382 25.2767 20.174 22.2013 27.1724 33.26 38.6288 37.8437 38.3381 39.6066 42.8579 41.3596 40.7337 41.4795 40.3437 41.7573 40.4075 36.2549 33.6764 33.0147 31.9331 30.1778 33.8849 29.7121 23.9806 19.2934 12.8121 10.0818 10.3708 7.68805 7.3921 15.1491 13.9421 14.9107 18.793 16.7103 18.7968 16.2696 12.8685 14.1368 14.9443 17.1708 17.6265 16.4204 17.2582 18.6715 20.9582 16.9266 14.8733 11.7292 9.12642 3.2964 -2.66449 -9.98679 -16.8994 -18.4184 -22.8204 -20.6544 -24.3906 -24.1626 -22.1558
