p3_terrainSpline/my2.dem.grd
ncols 257
nrows 257
xllcorner 0
yllcorner 0
cellsize 10
[rows 210 to 239 of 257, columns 67 to 133 of 257]
318.351 318.887 317.302 315.716 320.479 325.241 327.092 328.943 334.503 340.063 341.106 342.149 342.77 343.392 348.53 353.668 356.957 360.246 360.588 360.931 369.266 377.6 381.691 385.782 392.547 399.312 401.38 403.449 407.592 411.735 407.289 402.844 401.361 399.878 396.453 393.027 395.231 397.435 394.655 391.876 389.88 387.885 384.445 381.005 375.882 370.759 369.372 367.984 363.852 359.72 352.2 344.679 342.412 340.145 333.384 326.623 324.546 322.469 319.947 317.425 314.5 311.575 313.867 316.16 316.032 315.904 314.816
320.282 322.239 322.676 321.994 325.467 328.096 332.656 335.521 339.194 346.656 346.585 347.526 346.965 347.976 351.516 357.531 363.294 365.237 366.31 370.248 377.991 383.249 390.354 394.187 400.869 407.798 410.528 412.069 416.224 418.414 415.114 410.201 407.382 404.951 404.752 402.464 403.206 405.606 401.098 400.213 395.169 395.603 390.76 385.761 380.572 374.236 371.734 370.79 368.011 364.6 357.359 350.753 347.381 342.159 337.55 330.021 327.47 322.568 320.161 318.06 317.909 313.149 316.236 317.067 316.179 318.564 316.842
320.718 325.591 326.931 328.271 329.611 330.952 336.526 342.1 347.674 353.248 353.076 352.904 352.732 352.56 356.977 361.394 365.812 370.229 374.897 379.564 384.232 388.899 395.746 402.592 409.439 416.285 418.487 420.689 422.892 425.094 421.326 417.558 413.79 410.023 410.962 411.9 412.839 413.778 411.164 408.55 405.936 403.321 396.919 390.517 384.115 377.712 375.654 373.596 371.538 369.479 363.153 356.826 350.5 344.173 338.797 333.42 328.044 322.667 320.681 318.695 316.71 314.724 316.349 317.974 319.6 321.225 319.356
322.682 325.41 327.363 329.529 330.129 333.807 337.587 341.692 349.393 354.095 356.421 354.543 355.029 357.144 361.365 365.089 370.183 375.471 380.458 385.77 389.417 394.549 401.253 409.345 414.938 420.128 419.187 421.107 425.744 431.773 427.139 424.021 421.461 419.802 421.848 417.835 419.422 421.95 417.183 412.966 410.6 407.251 402.038 395.187 387.188 381.189 375.769 374.177 372.693 370.091 366.175 358.019 351.082 346.188 340.809 334.44 330.178 326.157 319.781 322.13 318.844 316.298 315.49 316.337 317.849 320.391 318.208
325.183 325.229 328.009 330.788 333.725 336.663 338.973 341.284 348.113 354.942 355.562 356.181 358.955 361.728 365.255 368.783 374.748 380.713 386.345 391.976 396.087 400.199 408.148 416.097 420.033 423.97 422.748 421.525 429.989 438.452 434.468 430.484 430.032 429.58 426.675 423.77 426.945 430.121 423.751 417.382 414.282 411.182 405.519 399.857 392.261 384.665 379.712 374.759 372.73 370.702 364.956 359.211 353.706 348.202 341.831 335.461 332.554 329.647 327.606 325.565 321.719 317.873 316.287 314.7 317.129 319.558 317.546
323.576 325.049 328.413 332.204 337.412 339.518 341.17 345.394 351.238 355.788 357.714 359.973 363.075 366.312 370.253 374.915 380.204 385.955 393.197 396.662 400.317 405.849 411.644 418.837 423.192 427.812 430.478 431.629 438.095 445.132 442.636 440.479 438.229 439.359 436.193 435.785 438.34 438.293 430.623 425.067 418.858 415.112 409.139 402.594 394.852 388.142 383.587 378.265 375.235 371.313 366.089 360.644 355.9 350.216 344.413 339.945 337.654 333.136 329.673 327.194 321.651 319.447 317.289 317.078 318.13 318.725 315.274
320.492 324.868 329.245 333.621 337.997 342.374 345.939 349.504 353.07 356.635 360.2 363.765 367.331 370.896 375.971 381.046 386.122 391.197 396.272 401.348 406.423 411.498 416.537 421.577 426.616 431.655 436.694 441.733 446.772 451.811 451.143 450.474 449.806 449.138 448.47 447.801 447.133 446.465 439.609 432.753 425.898 419.042 412.186 405.33 398.474 391.619 386.695 381.772 376.848 371.925 367.001 362.078 357.154 352.231 348.329 344.428 340.527 336.626 332.725 328.824 324.923 321.022 320.239 319.457 318.674 317.891 317.109
320.533 326.872 329.825 333.683 338.933 344.418 350.095 354.649 360.162 363.853 366.489 369.583 371.608 375.48 379.316 386.04 388.342 394.538 400.683 406.306 411.275 417.112 422.501 431.674 436.31 442.614 447.557 450.087 454.075 458.49 454.661 450.953 452.779 451.618 452.294 448.8 448.134 448.449 440.807 431.789 424.683 418.497 414.436 409.949 399.468 395.095 388.768 382.99 378.332 371.544 368.842 364.669 359.804 355.267 350.233 348.139 343.52 339.075 333.298 326.659 325.016 322.596 320.74 324.099 322.341 320.954 322.022
323.387 328.875 331.31 333.745 340.104 346.463 353.128 359.794 365.433 371.072 373.236 375.4 377.732 380.064 385.549 391.034 394.457 397.88 404.572 411.264 416.995 422.725 432.248 441.771 447.672 453.572 456.007 458.441 461.805 465.17 458.3 451.431 452.764 454.098 451.949 449.8 450.116 450.433 440.629 430.824 424.388 417.953 416.26 414.568 406.57 398.572 391.39 384.207 377.685 371.163 369.212 367.261 362.783 358.304 355.077 351.85 346.687 341.524 333.01 324.495 324.333 324.171 326.456 328.742 326.379 324.016 322.788
325.128 330.878 334.9 337.731 342.243 348.507 355.642 363.912 370.938 378.29 379.709 381.385 383.04 384.648 389.537 393.966 397.58 401.221 406.471 415.26 421.343 428.339 439.085 448.246 455.815 464.531 467.546 467.725 469.434 471.849 466.617 460.112 458.366 456.578 454.379 453.265 453.523 452.417 444.523 433.228 427.743 417.408 414.871 412.881 410.342 402.048 394.448 386.085 378.23 370.782 368.394 367.325 364.328 361.341 356.264 353.625 348.401 343.974 336.229 330.683 327.89 325.745 327.517 328.736 326.971 327.078 327.076
326.818 332.882 337.299 341.716 346.134 350.551 359.291 368.03 376.769 385.508 386.439 387.37 388.301 389.232 393.064 396.897 400.729 404.562 411.91 419.257 426.605 433.953 444.337 454.721 465.106 475.49 476.25 477.009 477.769 478.528 473.661 468.793 463.925 459.057 457.893 456.73 455.566 454.402 445.017 435.633 426.248 416.864 414.029 411.194 408.36 405.525 396.744 387.963 379.182 370.401 368.895 367.389 365.883 364.377 359.889 355.4 350.911 346.423 341.647 336.871 332.095 327.319 328.025 328.73 329.435 330.14 330.209
326.348 333.239 339.205 342.419 348.099 352.596 359.832 368.215 376.073 384.918 387.223 388.508 391.257 393.816 398.106 401.335 405.853 411.418 416.444 423.278 432.166 439.566 447.88 455.836 464.445 476.824 478.566 483.477 482.797 485.208 481.058 472.894 469.64 465.241 463.968 464.565 461.995 456.386 446.041 440.241 431.68 422.869 416.575 412.73 410.475 409.002 399.746 393.375 387.912 377.295 376.71 374.011 370.996 367.414 361.617 356.669 351.415 348.585 344.307 337.866 333.51 328.894 332.033 332.248 331.614 332.566 330.848
327.532 333.596 338.358 343.121 348.88 354.64 361.52 368.401 376.365 384.328 386.987 389.646 394.023 398.4 402.086 405.773 412.024 418.275 422.786 427.298 436.239 445.18 451.066 456.952 467.555 478.158 484.051 489.944 490.915 491.887 484.441 476.995 474.21 471.425 471.912 472.4 465.385 458.37 451.609 444.848 436.861 428.874 421.57 414.265 413.372 412.478 405.632 398.786 391.488 384.189 382.411 380.632 375.542 370.451 364.194 357.938 354.342 350.747 344.804 338.861 334.665 330.468 333.117 335.765 335.378 334.991 334.351
329.497 333.953 338.698 344.82 350.747 356.685 363.15 369.67 375.43 383.738 388.572 392.502 397.327 402.984 409.545 412.775 420.314 425.131 431.164 435.748 446.103 450.793 458.886 462.784 468.915 479.492 487.372 491.49 495.647 498.566 493.348 485.757 480.387 477.608 476.159 472.733 466.196 460.354 452.125 448.23 443.89 434.88 427.947 422.212 419.182 415.955 410.077 403.745 395.735 391.084 384.777 383.942 378.481 373.488 366.144 361.868 357.841 352.909 347.022 341.603 335.765 332.043 333.851 336.247 335.836 337.416 337.95
328.205 334.31 340.414 346.519 352.624 358.729 364.834 370.939 377.044 383.148 389.253 395.358 401.463 407.568 413.673 419.778 425.882 431.987 438.092 444.197 450.302 456.407 462.512 468.616 474.721 480.826 486.931 493.036 499.141 505.246 499.882 494.519 489.155 483.792 478.429 473.065 467.702 462.338 456.975 451.612 446.248 440.885 435.522 430.158 424.795 419.431 414.068 408.705 403.341 397.978 392.615 387.251 381.888 376.524 371.161 365.798 360.434 355.071 349.707 344.344 338.981 333.617 335.173 336.729 338.285 339.841 341.398
328.988 333.115 340.518 345.567 349.675 357.542 362.3 368.091 371.9 378.748 384.94 391.833 399.443 404.234 411.173 417.103 422.109 429.983 437.969 442.337 446.832 454.684 455.619 461.65 469.782 476.056 482.717 488.036 494.969 500.457 496.198 491.732 488.411 481.88 474.131 470.59 467.515 461.773 458.387 451.75 447.807 444.223 436.335 429.84 425.031 418.121 413.879 406.777 400.092 395.744 388.264 382.321 377.289 375.089 370.5 365.83 360.974 356.871 351.522 345.063 340.014 335.192 336.003 337.228 340.315 340.406 342.604
325.623 331.921 338.268 344.615 350.484 356.354 360.799 365.244 369.796 374.348 381.328 388.307 394.604 400.9 407.664 414.428 421.203 427.979 434.228 440.478 446.719 452.961 453.823 454.685 462.985 471.285 477.16 483.036 489.352 495.668 492.306 488.944 484.456 479.968 474.041 468.115 464.662 461.208 456.548 451.887 449.724 447.56 438.541 429.521 423.166 416.81 410.83 404.85 399.18 393.511 385.451 377.391 375.522 373.653 369.758 365.863 362.267 358.671 352.226 345.781 341.274 336.766 337.246 337.726 339.349 340.972 343.053
323.936 330.726 335.74 343.185 347.566 355.167 361.398 362.504 367.772 369.948 378.573 384.099 391.298 397.566 400.726 411.765 417.31 425.975 431.458 438.61 445.272 451.237 453.622 455.157 458.927 466.515 472.502 478.476 486.546 490.879 486.693 485.031 482.386 478.056 473.626 468.113 465.54 460.643 455.198 454.522 451.521 450.898 440.952 431.867 422.955 415.5 411.118 403.233 397.309 391.277 385.346 378.652 375.772 372.218 368.147 366.195 364.22 360.472 355.176 348.438 341.356 338.341 337.301 339.367 340.451 341.537 343.098
324.937 329.531 335.643 341.755 347.867 353.979 356.872 359.764 362.656 365.548 372.719 379.89 387.061 394.232 401.667 409.101 416.536 423.97 430.356 436.742 443.128 449.514 452.572 455.629 458.687 461.745 467.831 473.917 480.004 486.09 483.603 481.117 478.63 476.144 472.128 468.111 464.095 460.078 458.618 457.157 455.696 454.236 444.224 434.212 424.201 414.189 407.903 401.616 395.33 389.044 384.478 379.913 375.348 370.782 368.655 366.527 364.4 362.272 356.683 351.094 345.504 339.915 340.462 341.008 341.555 342.102 344.914
326.068 329.854 336.697 340 347.036 352.792 355.148 359.296 362.115 365.427 372.952 381.519 384.551 390.898 397.692 406.751 416.224 420.918 427.614 435.984 441.415 447.791 451.348 452.534 456.464 460.003 468.7 476.673 479.588 481.301 482.17 477.79 475.332 472.702 469.605 467.479 464.019 459.513 456.664 453.873 451.6 449.022 437.894 427.908 419.271 412.878 406.598 401.306 395.823 388.531 385.828 381.746 373.212 369.347 366.245 362.867 362.918 360.611 356.094 351.475 343.66 341.49 344.61 344.427 344.24 344.932 350.353
322.845 330.178 334.211 338.245 344.925 351.605 355.216 358.828 362.067 365.306 374.227 383.148 385.357 387.565 395.983 404.401 411.133 417.865 426.546 435.227 440.647 446.068 447.753 449.438 453.85 458.261 468.845 479.428 477.97 476.512 475.487 474.462 471.861 469.26 468.054 466.848 462.898 458.948 454.768 450.588 447.199 443.809 432.707 421.604 416.586 411.568 406.282 400.996 394.508 388.019 385.799 383.579 375.745 367.911 363.559 359.206 359.078 358.949 355.402 351.856 347.46 343.064 345.455 347.845 347.804 347.763 352.627
323.689 330.501 334.962 339.136 344.276 350.417 353.429 357.987 361.162 365.185 370.254 378.064 381.718 384.231 394.757 400.365 406.562 414.812 420.395 431.209 436.506 444.345 445.401 449.069 454.466 456.52 464.216 470.142 471.425 471.723 469.289 469.559 468.445 465.818 467.537 463.472 460.406 458.383 453.912 448.094 443.473 438.596 429.98 421.384 415.052 410.257 405.704 399.483 396.441 387.506 381.247 379.798 371.996 366.476 361.651 359.77 359.216 357.288 355.188 351.388 348.251 344.639 345.382 348.832 349.472 350.593 357.309
326.222 330.824 335.425 340.027 344.628 349.23 353.188 357.147 361.105 365.063 369.022 372.98 376.938 380.897 388.612 396.328 404.044 411.759 419.475 427.191 434.906 442.622 445.661 448.7 451.739 454.778 457.817 460.856 463.895 466.934 465.795 464.655 463.516 462.376 461.237 460.097 458.958 457.818 451.709 445.6 439.491 433.382 427.273 421.165 415.056 408.947 403.458 397.97 392.482 386.993 381.505 376.017 370.529 365.04 362.687 360.334 357.98 355.627 353.273 350.92 348.566 346.213 348.016 349.818 351.621 353.424 355.226
327.822 334.766 337.297 343.915 345.054 347.399 353.09 358.419 361.881 362.599 364.585 368.802 373.703 377.563 386.816 391.454 398.764 405.352 414.42 422.674 428.309 436.222 439.595 441.583 445.273 450.768 454.675 457.555 459.811 462.145 458.422 456.08 455.672 456.161 454.484 452.381 453.871 452.284 446.8 442.788 435.744 431.313 425.301 420.935 413.23 407.636 400.533 395.939 390.994 386.373 382.102 377.771 371.774 366.74 363.545 360.13 361.162 357.711 355.761 354.693 352.158 347.787 349.714 349.429 354.773 357.017 361.079
332.255 338.709 343.256 347.803 346.686 345.569 352.63 359.691 359.913 360.135 362.38 364.624 369.427 374.229 380.405 386.581 392.763 398.946 408.552 418.158 423.99 429.823 432.144 434.466 440.612 446.758 450.506 454.255 455.805 457.356 452.43 447.504 448.725 449.945 447.305 444.664 445.707 446.749 443.362 439.975 434.61 429.244 424.975 420.706 413.516 406.325 400.117 393.908 389.831 385.753 382.639 379.524 373.982 368.439 364.183 359.927 359.861 359.796 359.131 358.465 353.914 349.362 349.201 349.04 354.825 360.611 363.345
334.672 342.651 344.541 346.027 345.641 343.738 350.37 354.124 358.32 357.671 359.905 363.004 366.955 370.895 379.598 381.714 387.623 392.539 401.292 409.868 416.496 423.423 427.44 431.173 436.676 442.748 447.246 448.757 449.921 452.567 449.889 445.075 445.97 443.73 441.312 440.631 439.678 441.215 439.006 435.184 431.764 427.175 422.952 417.556 411.835 405.015 398.102 394.009 385.79 385.133 381.735 378.85 375.323 370.138 367.937 363.914 363.846 361.881 360.412 358.352 352.842 350.936 355.504 354.597 358.078 364.204 364.989
338.365 346.593 345.422 344.25 343.079 341.908 345.233 348.557 351.882 355.207 358.296 361.384 364.473 367.561 372.204 376.847 381.489 386.132 393.855 401.577 409.3 417.023 422.452 427.881 433.31 438.739 440.999 443.259 445.518 447.778 445.212 442.646 440.081 437.515 437.056 436.597 436.139 435.68 433.037 430.393 427.749 425.105 419.755 414.405 409.054 403.704 398.906 394.109 389.311 384.513 381.344 378.176 375.007 371.838 369.87 367.902 365.934 363.965 361.102 358.238 355.374 352.511 356.333 360.154 363.976 367.798 368.004
331.497 341.136 339.712 338.699 341.023 340.077 342.494 345.009 349.568 352.507 354.561 356.505 363.733 364.227 367.307 370.386 378.099 382.805 387.007 394.302 402.241 410.623 416.039 422.208 425.019 431.56 434.922 438.489 440.161 442.99 440.885 438.901 437.59 433.407 430.701 430.116 430.833 430.146 426.844 425.117 423.707 420.33 416.797 410.555 407.796 402.394 396.897 394.771 390.717 385.522 379.204 377.511 375.651 373.537 371.621 370.983 365.7 365.155 361.249 357.082 356.594 354.085 356.448 361.924 364.324 367.776 368.117
329.281 335.679 334.413 333.147 335.697 338.247 339.853 341.46 345.633 349.806 350.716 351.625 356.259 360.894 362.409 363.925 371.702 379.478 383.252 387.026 395.625 404.224 410.379 416.534 420.458 424.381 429.05 433.719 435.96 438.201 436.678 435.155 432.227 429.299 426.467 423.635 424.123 424.611 422.226 419.841 417.697 415.554 411.13 406.706 403.895 401.083 398.258 395.432 390.982 386.531 381.689 376.847 376.042 375.236 374.65 374.064 370.204 366.344 361.135 355.926 355.793 355.66 359.676 363.693 365.724 367.755 368.334
325.543 330.222 330.275 331.411 334.263 336.416 338.795 340.478 343.534 347.106 350.081 350.47 351.639 357.56 362.001 363.725 371.644 376.152 381.318 384.575 390.188 397.824 400.718 408.629 415.006 417.202 422.388 426.521 430.324 433.412 433.012 430.004 427.826 425.19 423.68 420.474 418.903 419.077 417.41 414.807 414.184 410.778 408.395 404.469 402.934 399.772 395.436 394.469 391.381 387.54 384.085 380.22 378.017 376.936 374.307 373.871 370.058 367.533 365.491 359.846 358.703 357.234 360.908 363.477 364.843 367.733 367.722
