p3_terrainSpline/my2.dem.grd
ncols 257
nrows 257
xllcorner 0
yllcorner 0
cellsize 10
[rows 120 to 149 of 257, columns 0 to 66 of 257]
120 119.726 119.452 119.178 118.904 118.63 118.356 118.082 117.808 115.132 112.456 109.781 107.105 104.43 101.754 99.0783 96.4027 96.034 95.6653 95.2965 94.9278 94.5591 94.1903 93.8216 93.4529 92.9975 92.5422 92.0869 91.6315 91.1762 90.7209 90.2655 89.8102 89.4949 89.1797 88.8644 88.5491 88.2339 87.9186 87.6033 87.2881 93.0689 98.8498 104.631 110.412 116.192 121.973 127.754 133.535 132.677 131.819 130.961 130.103 129.245 128.387 127.529 126.671 127.317 127.964 128.611 129.258 129.905 130.551 131.198 131.845 127.183 122.522
121 122.447 121.16 121.256 121.506 122.056 120.741 119.547 119.507 118.16 116.785 114.342 111.323 110.456 108.467 106.891 101.203 100.698 100.113 99.7741 99.3412 98.6421 97.4826 96.6029 99.0479 99.2259 99.6575 101.133 97.5235 98.3947 99.822 97.7734 96.2861 94.3562 94.707 93.4495 93.248 91.7729 90.6782 92.6141 94.5048 99.4907 107.048 111.95 116.806 121.587 127.413 132.305 135.396 136.756 136.079 134.356 132.898 132.146 132.675 131.771 129.816 131.939 133.121 133.431 133.829 136.019 137.167 138.029 134.769 131.242 124.904
122 122.434 122.869 123.489 124.109 123.617 123.125 122.166 121.207 121.16 121.113 118.327 115.541 115.36 115.179 110.592 106.004 105.283 104.562 104.158 103.755 102.265 100.775 102.709 104.643 105.708 106.773 105.094 103.415 106.169 108.923 105.843 102.762 101.498 100.234 99.0905 97.9468 95.6923 93.4378 97.5797 101.721 108.484 115.247 119.224 123.201 128.027 132.853 135.055 137.258 138.798 140.339 138.016 135.693 136.328 136.963 134.962 132.96 135.62 138.279 138.339 138.4 141.091 143.782 140.737 137.693 132.489 127.286
123 125.875 124.763 126.073 126.711 124.817 125.043 124.222 122.906 123.922 122.703 120.125 119.759 117.979 117.485 117.062 110.805 111.945 109.328 107.587 108.168 107.489 107.491 107.892 110.238 110.103 111.144 111.363 109.307 109.443 112.19 110.914 109.238 109.181 105.882 102.147 102.646 100.576 102.594 104.178 108.938 117.14 120.66 123.194 129.595 132.877 135.669 137.968 139.119 139.66 140.735 139.116 138.488 138.714 138.615 139.177 136.105 135.715 140.837 141.572 142.97 143.977 144.661 143.341 140.616 135.753 129.781
124 125.328 126.657 127.985 129.314 128.137 126.96 125.783 124.606 124.449 124.292 124.134 123.977 121.884 119.791 117.699 115.606 114.85 114.094 113.338 112.582 113.394 114.207 115.02 115.833 115.675 115.516 115.358 115.199 115.328 115.457 115.585 115.714 113.621 111.529 109.437 107.344 109.547 111.75 113.952 116.155 121.114 126.072 131.031 135.99 137.237 138.485 139.733 140.98 141.056 141.132 141.207 141.283 140.774 140.266 139.758 139.25 141.323 143.396 145.469 147.541 146.541 145.541 144.54 143.54 137.908 132.276
125 125.646 126.971 127.572 129.411 128.762 128.828 129.816 126.306 123.714 124.838 125.921 126.26 125.509 121.584 121.773 120.406 120.106 119.106 117.941 118.564 117.055 118.704 121.279 121.428 120.162 122.17 122.776 121.378 123.59 122.286 122.851 122.19 124.231 120.41 118.927 116.338 117.421 118.33 121.398 123.372 127.788 130.722 134.432 138.673 140.948 139.345 140.869 142.842 144.955 146.101 144.761 143.494 145.856 143.646 142.617 142.395 143.576 145.934 146.724 149.039 147.891 147.28 144.895 146.464 144.338 141.359
126 126.642 127.285 128.396 129.508 130.102 130.696 129.351 128.005 126.695 125.385 126.964 128.542 125.959 123.376 124.292 125.207 124.663 124.118 124.332 124.546 123.873 123.2 125.111 127.023 127.924 128.825 128.191 127.557 128.337 129.116 128.891 128.666 128.978 129.29 127.311 125.332 125.121 124.911 127.749 130.588 132.98 135.372 138.364 141.357 140.781 140.206 142.454 144.703 147.887 151.071 148.388 145.705 146.366 147.026 146.283 145.54 147.006 148.471 149.504 150.537 149.779 149.02 149.204 149.387 149.915 150.443
127 129.777 128.068 129.864 129.605 131.701 130.625 130.97 129.705 128.799 128.82 129.898 130.824 128.739 128.667 131.34 130.008 128.873 129.889 130.772 130.528 129.314 130.281 132.115 132.618 133.727 133.944 133.473 133.736 133.416 134.941 135.108 135.141 134.229 135.879 136.158 134.326 134.438 134.541 137.032 137.805 139.831 140.622 141.005 144.04 142.653 143.89 145.256 146.565 149.805 150.174 149.188 147.917 149.116 149.003 148.117 148.685 148.394 150.576 152.803 152.035 152.455 151.702 154.568 152.311 152.602 153.264
128 128.426 128.851 129.277 129.702 130.128 130.553 130.979 131.404 131.83 132.255 132.681 133.106 133.532 133.958 134.383 134.809 135.234 135.66 136.085 136.511 136.936 137.362 137.787 138.213 138.639 139.064 139.49 139.915 140.341 140.766 141.192 141.617 142.043 142.468 142.894 143.319 143.745 144.171 144.596 145.022 145.447 145.873 146.298 146.724 147.149 147.575 148 148.426 148.852 149.277 149.703 150.128 150.554 150.979 151.405 151.83 152.256 152.681 153.107 153.532 153.958 154.384 154.809 155.235 155.66 156.086
129 128.664 128.216 130.485 131.701 129.272 128.429 131.724 134.502 134.662 134.481 135.561 136.247 134.772 136.084 139.33 139.04 137.629 137.44 138.843 139.844 140.109 137.581 138.114 138.896 140.46 140.397 138.566 138.865 138.73 140.433 141.274 144.352 144.041 146.82 148.013 147.085 146.066 147.315 151.134 154.114 156.199 154.745 156.641 157.271 156.775 157.699 154.007 150.983 153.4 155.994 156.126 158.079 156.658 155.135 153.636 154.351 153.672 152.837 153.423 155.087 157.958 157.366 158.678 157.493 156.377 155.396
130 128.791 127.581 130.641 133.701 130.003 126.305 131.952 137.599 137.153 136.707 138.048 139.388 138.8 138.211 140.741 143.271 141.246 139.221 141.199 143.176 140.489 137.801 138.69 139.579 140.654 141.729 139.772 137.814 138.957 140.101 143.594 147.087 149.129 151.172 151.011 150.85 150.655 150.46 156.833 163.206 163.412 163.618 165.718 167.818 167.82 167.823 160.682 153.54 158.126 162.711 164.371 166.031 162.661 159.291 158.081 156.871 154.931 152.992 154.817 156.641 158.494 160.347 160.05 159.752 157.229 154.706
131 132.003 131.215 133.97 135.7 135.403 133.526 137.217 140.696 138.696 140.72 142.787 142.529 144.043 143.456 143.531 147.503 147.737 145.005 146.884 146.509 144.469 141.597 141.903 140.263 138.011 140.03 137.952 136.764 141.41 142.118 147 149.822 151.399 153.32 155.759 154.616 158.844 160.173 165.788 172.298 174.497 174.384 176.89 178.365 173.568 170.803 162.379 156.098 161.005 166.502 169.633 173.982 171.465 165.607 163.632 159.391 157.329 156.911 157.406 158.196 161.375 161.178 162.118 162.01 158.989 156.702
132 133.425 134.85 136.274 137.699 139.223 140.747 142.27 143.794 144.263 144.732 145.2 145.669 147.186 148.702 150.218 151.734 151.261 150.788 150.315 149.842 147.618 145.394 143.17 140.946 139.638 138.33 137.022 135.713 139.924 144.135 148.346 152.557 154.013 155.469 156.925 158.381 164.133 169.886 175.638 181.39 183.271 185.151 187.031 188.912 181.347 173.783 166.219 158.655 164.474 170.294 176.114 181.933 176.928 171.922 166.917 161.911 161.371 160.831 160.29 159.75 160.88 162.01 163.139 164.269 161.484 158.699
133 134.945 138.262 137.12 139.797 143.746 144.38 143.72 146.891 148.217 148.185 149.417 149.857 153.238 152.481 153.427 155.966 155.832 152.509 151.557 151.424 147.976 144.962 145.239 141.629 141.384 143.292 142.234 140.182 144.344 150.699 153.812 155.292 159.432 159.482 161.411 166.443 171.821 178.726 185.635 190.482 189.053 189.927 190.073 190.014 179.279 170.643 166.432 161.212 163.86 170.83 172.694 179.059 175.633 174.158 169.311 164.431 164.2 162.42 162.811 162.975 160.99 163.494 165.937 166.527 164.335 161.101
134 137.837 141.674 141.785 141.895 144.954 148.013 149.001 149.989 150.814 151.639 152.842 154.045 155.153 156.26 158.229 160.197 157.214 154.23 153.618 153.006 148.768 144.53 143.421 142.312 145.284 148.255 146.453 144.651 150.956 157.262 157.644 158.027 160.76 163.494 168.999 174.504 181.036 187.567 193.571 199.575 197.138 194.702 192.909 191.116 179.31 167.503 165.636 163.769 167.568 171.366 173.776 176.185 176.29 176.394 171.673 166.952 165.481 164.01 165.104 166.199 165.589 164.979 166.882 168.786 166.144 163.502
135 136.926 141.36 144.05 143.994 147.591 149.575 151.408 153.086 155.396 155.471 157.716 158.234 157.142 160.9 162.233 164.429 159.769 158.322 156.459 154.587 148.893 147.227 145.137 142.995 146.793 148.444 149.7 149.119 153.195 157.902 159.583 160.762 164.477 170.278 175.641 182.566 189.927 195.88 202.58 208.667 204.639 200.121 196.108 192.219 183.051 174.303 171.189 166.327 168.368 170.514 169.55 173.312 174.166 173.804 172.869 169.472 167.472 168.165 167.713 169.423 169.907 168.977 172.029 171.044 169.523 165.569
136 138.523 141.046 143.569 146.092 148.615 151.138 153.66 156.183 157.743 159.303 160.862 162.422 163.981 165.541 167.1 168.66 165.537 162.415 159.292 156.169 153.047 149.924 146.801 143.679 146.156 148.633 151.11 153.588 156.065 158.542 161.019 163.497 170.279 177.062 183.845 190.628 197.41 204.193 210.976 217.759 211.649 205.54 199.431 193.321 187.212 181.103 174.993 168.884 169.272 169.661 170.049 170.438 170.826 171.215 171.603 171.992 172.156 172.32 172.484 172.647 172.811 172.975 173.139 173.303 170.469 167.636
137 139.58 138.267 143.056 146.553 148.062 151.529 153.137 158.317 160.453 161.318 162.708 165.462 164.335 171.323 172.391 172.891 168.304 168.308 168.901 164.954 163.46 159.447 154.478 149.962 152.669 155.534 157.184 158.625 160.25 163.462 167.163 166.231 171.339 177.734 184.834 190.745 197.145 204.485 207.244 213.959 207.75 202.169 199.587 192.907 186.794 182.335 176.384 171.441 171.311 173.192 171.475 172.93 173.554 172.319 173.78 174.288 175.781 176.669 173.578 173.08 170.221 171.118 173.004 175.561 169.491 169.335
138 136.744 135.487 141.25 147.014 149.467 151.92 156.186 160.451 161.893 163.334 165.918 168.503 172.804 177.105 177.114 177.123 175.662 174.201 173.969 173.738 171.354 168.97 162.607 156.245 159.34 162.435 163.049 163.663 166.023 168.382 168.674 168.966 173.686 178.406 184.634 190.862 197.819 204.777 207.468 210.159 204.478 198.798 195.645 192.492 188.029 183.566 178.782 173.998 175.361 176.724 176.073 175.423 174.423 173.423 175.003 176.583 178.801 181.019 177.265 173.512 171.386 169.261 173.54 177.82 174.427 171.033
139 137.214 139.727 143.495 147.474 148.748 154.124 159.977 162.585 166.478 166.493 168.323 171.544 176.963 178.595 179.132 181.354 182.221 181.324 182.281 182.523 179.693 174.514 169.897 162.528 162.876 166.855 169.678 168.701 170.838 171.235 171.631 171.701 178.059 180.586 184.921 190.979 193.591 200.802 203.173 206.359 203.359 197.954 193.913 192.077 188.86 184.477 181.013 176.555 177.414 178.242 178.974 177.915 177.111 177.107 178.72 178.879 179.54 179.397 174.919 173.944 173.109 173.809 175.029 180.078 175.132 172.492
140 141.984 143.968 145.952 147.935 152.131 156.327 160.523 164.719 167.186 169.652 172.118 174.584 177.335 180.085 182.835 185.586 187.016 188.446 189.877 191.307 185.683 180.059 174.435 168.811 170.043 171.275 172.507 173.738 173.913 174.087 174.262 174.436 178.601 182.766 186.931 191.095 193.961 196.827 199.693 202.559 199.835 197.111 194.387 191.663 188.525 185.388 182.25 179.113 179.436 179.76 180.084 180.408 180.6 180.791 180.983 181.174 179.475 177.775 176.076 174.376 176.366 178.357 180.347 182.337 178.144 173.951
141 140.535 144.753 147.896 150.608 153.578 159.123 164.343 166.854 167.494 168.818 170.253 177.909 179.225 180.957 183.891 189.817 190.305 193.429 194.246 193.037 189.647 185.149 177.896 175.094 175.916 176.223 176.349 177.719 179.717 178.355 176.943 177.171 178.801 182.177 184.609 189.913 192.921 195.895 195.579 198.759 197.659 192.502 193.461 190.834 190.235 189.027 184.828 181.67 179.366 181.786 181.857 182.768 180.381 181.509 182.357 183.47 181.307 179.475 177.397 178.498 179.553 180.67 179.112 184.596 182.996 181.715
142 143.769 145.538 149.41 153.282 157.6 161.918 165.453 168.988 168.486 167.984 174.609 181.234 181.531 181.829 187.939 194.048 196.231 198.413 196.59 194.767 192.503 190.24 185.809 181.377 181.274 181.171 181.435 181.699 182.161 182.623 181.265 179.906 180.747 181.588 185.159 188.731 191.847 194.964 194.961 194.959 191.426 187.893 188.95 190.006 191.337 192.667 188.447 184.227 184.019 183.811 184.47 185.128 183.678 182.227 183.996 185.765 183.47 181.174 181.897 182.62 182.802 182.983 184.919 186.854 188.167 189.479
143 144.855 148.426 152.418 155.955 159.969 163.93 168.394 171.122 171.232 174.277 178.553 184.559 185.438 188.513 193.522 198.28 199.984 199.391 198.281 196.497 196.956 193.163 190.697 187.66 189.26 186.486 185.854 185.679 187.692 185.07 185.352 182.641 182.34 183.73 187.006 187.549 187.648 190.913 191.156 191.159 188.615 187.874 187.119 189.178 190.629 190.757 186.586 186.784 187.437 186.703 187.384 187.489 187.381 186.165 186.273 188.061 186.713 185.892 188.404 186.742 186.678 187.05 188.21 189.113 194.023 194.95
144 147.657 151.314 154.971 158.628 162.285 165.942 169.599 173.256 176.913 180.57 184.226 187.883 191.54 195.197 198.854 202.511 201.44 200.369 199.298 198.227 197.156 196.085 195.014 193.944 192.873 191.802 190.731 189.66 188.589 187.518 186.447 185.376 185.624 185.872 186.119 186.367 186.615 186.863 187.111 187.359 187.607 187.854 188.102 188.35 188.598 188.846 189.094 189.341 189.468 189.595 189.722 189.849 189.976 190.103 190.229 190.356 190.483 190.61 190.737 190.864 190.991 191.117 191.244 191.371 195.896 200.42
145 148.243 150.693 154.85 159.502 159.801 163.544 167.303 171.8 175.714 178.989 182.459 187.995 190.975 194.289 197.754 202.015 203.275 201.64 199.588 201.121 201.217 198.997 197.27 194.909 193.268 194.256 191.719 190.46 188.653 191.185 190.929 188.111 189.299 189.518 188.186 187.796 187.077 187.543 190.356 190.509 189.359 189.138 188.883 189.071 187.399 192.288 190.11 191.778 195.33 197.967 198.515 199.761 195.513 196.751 196.347 196.717 197.509 195.986 193.083 194.019 192.277 192.034 194.774 193.63 198.51 200.34
146 148.036 150.072 155.225 160.377 160.762 161.146 165.745 170.344 173.877 177.409 182.757 188.106 190.743 193.381 197.449 201.518 202.214 202.91 203.462 204.014 202.961 201.908 198.892 195.875 196.293 196.711 193.986 191.26 193.056 194.852 192.849 190.846 192.005 193.165 191.195 189.224 188.724 188.224 190.942 193.66 192.041 190.421 190.107 189.792 192.761 195.729 194.972 194.214 200.277 206.34 208.007 209.673 206.537 203.4 203.239 203.078 202.22 201.363 199.268 197.174 195.062 192.951 194.419 195.888 198.073 200.259
147 151.229 152.568 156.39 161.252 159.745 162.963 166.37 168.889 174.121 177.645 181.336 188.217 192.996 193.904 200.175 201.022 203.3 204.037 204.337 206.908 203.644 202.856 199.248 196.841 197.538 196.022 195.798 192.06 193.488 194.72 196.267 193.581 195.086 193.682 192.575 190.653 190.114 192.123 193.562 196.811 192.609 193.01 191.908 190.514 192.871 195.445 197.17 196.65 201.811 210.316 214.788 219.586 217.346 213.024 212.702 209.438 207.474 205.502 201.817 200.329 199.13 197.448 200.091 198.147 199.161 202.618
148 151.532 155.063 158.595 162.126 163.453 164.78 166.106 167.433 172.657 177.881 183.105 188.329 191.378 194.427 197.476 200.525 202.844 205.163 207.482 209.801 206.803 203.804 200.805 197.807 196.57 195.334 194.097 192.86 193.724 194.588 195.452 196.315 195.257 194.199 193.14 192.082 194.052 196.022 197.992 199.962 197.78 195.598 193.416 191.235 193.198 195.161 197.123 199.086 206.689 214.292 221.895 229.498 226.073 222.648 219.224 215.799 212.72 209.641 206.562 203.484 202.714 201.944 201.175 200.405 202.691 204.977
149 151.124 153.757 158.191 160.796 161.51 164.101 166.671 165.977 172.588 178.857 182.791 186.265 190.555 195.315 196.856 200.029 205.079 208.606 207.573 207.377 206.704 206.798 202.515 198.773 201.894 199.34 196.083 195.761 197.945 197.449 199.528 199.05 200.731 199.402 198.017 196.539 198.188 199.708 201.178 203.112 201.213 201.784 199.823 196.1 198.195 198.364 199.384 201.523 208.672 215.967 222.426 228.382 227.099 227.41 222.982 222.159 216.99 212.56 211.347 208.948 206.261 204.611 204.742 202.664 204.435 206.721
