p3_terrainSpline/my2.dem.grd
ncols 257
nrows 257
xllcorner 0
yllcorner 0
cellsize 10
[rows 60 to 89 of 257, columns 67 to 133 of 257]
-24.6151 -24.1905 -19.6213 -15.0521 -10.4829 -5.91371 -3.33599 -0.758273 1.81945 4.39716 8.26931 12.1414 16.0136 19.8857 24.1438 28.4018 32.6598 36.9178 35.0689 33.2199 31.371 29.522 33.7983 38.0746 42.3509 46.6272 50.2421 53.8571 57.4721 61.0871 67.2335 73.3799 79.5263 85.6728 87.682 89.6913 91.7005 93.7098 94.0788 94.4478 94.8167 95.1857 95.5187 95.8517 96.1847 96.5177 102.888 109.258 115.629 121.999 121.149 120.3 119.451 118.602 124.115 129.628 135.14 140.653 143.873 147.093 150.313 153.532 153.363 153.194 153.024 152.855 151.957
-26.8936 -23.1896 -19.6472 -12.9603 -8.50674 -6.55825 -4.31623 0.941838 3.17308 4.0986 7.59393 13.0309 16.3621 18.6387 23.8794 29.8724 33.5084 34.3365 33.0483 30.8081 30.3457 31.7133 34.4073 38.6722 41.8352 47.4659 47.8613 50.8188 56.2672 61.2345 67.9846 72.9805 74.5906 82.5974 81.7118 87.7797 88.3882 91.5489 91.9914 94.897 92.6854 95.5795 97.2502 95.7974 99.0557 99.5022 104.075 109.738 115.242 121.537 122.037 122.341 121.796 121.913 125.943 131.089 136.206 141.375 147.202 149.295 152.421 153.958 154.143 154.229 153.398 152.727 152.103
-25.0099 -22.1886 -16.5285 -10.8685 -9.03565 -7.20278 -2.28042 2.64195 3.22099 3.80003 8.86021 13.9204 15.656 17.3917 24.3674 31.343 31.5491 31.7551 30.0757 28.3964 31.1505 33.9046 36.5872 39.2697 43.7871 48.3045 48.0425 47.7804 54.5812 61.3819 66.9815 72.5811 76.0516 79.5221 82.6951 85.8682 87.6281 89.388 92.3671 95.3463 95.6598 95.9733 95.8582 95.7431 99.1149 102.487 106.353 110.219 115.647 121.075 122.728 124.381 124.802 125.223 128.887 132.55 137.323 142.097 146.796 151.496 152.94 154.384 154.824 155.264 153.932 152.599 151.653
-22.5546 -21.1876 -16.3507 -12.6039 -8.14507 -7.84731 -2.62766 -0.00126171 1.26022 3.50147 6.29896 11.4853 10.8133 16.1447 22.0721 26.044 28.39 29.1738 28.9449 30.4181 33.5371 36.0959 39.0392 41.7021 44.8387 49.1432 52.1792 51.8049 57.1697 61.5293 66.1218 70.0526 73.2498 76.4467 78.1606 82.5435 85.0595 87.2271 88.1911 93.1299 96.7907 96.3671 98.7526 99.1757 104.775 105.471 108.918 112.261 115.826 120.612 122.524 125.189 127.411 128.534 130.395 135.121 140.824 142.818 145.255 150.442 151.214 154.809 156.101 154.527 153.168 152.471 152.347
-23.1103 -20.1866 -17.2629 -14.3392 -11.4155 -8.49185 -5.56816 -2.64447 0.279214 3.2029 6.12659 9.05028 11.974 14.8977 17.8213 20.745 23.6687 26.5924 29.5161 32.4398 35.3635 38.2872 41.2108 44.1345 47.0582 49.9819 52.9056 55.8293 58.753 61.6767 64.6003 67.524 70.4477 73.3714 76.2951 79.2188 82.1425 85.0661 87.9898 90.9135 93.8372 96.7609 99.6846 102.608 105.532 108.456 111.379 114.303 117.227 120.15 123.074 125.998 128.921 131.845 134.769 137.693 140.616 143.54 146.464 149.387 152.311 155.235 154.512 153.789 153.066 152.343 151.62
-23.0297 -19.0935 -15.3887 -14.0985 -12.4735 -9.02107 -5.89685 -1.05448 1.90445 8.32208 11.4917 14.0406 14.7082 16.7108 18.8213 21.4495 25.8141 30.7425 31.4493 32.3138 30.6347 35.4129 36.8753 38.4528 45.6467 51.3152 53.2232 53.8877 55.8552 58.9818 62.5714 65.0781 68.2487 70.3553 75.1919 79.0309 79.704 82.0946 86.145 86.6833 91.5715 96.0596 99.7605 103.832 103.395 105.156 108.762 108.826 112.06 115.427 121.088 126.632 127.644 128.796 131.147 137.586 142.237 146.821 146.389 146.599 150.516 155.66 155.734 155.815 151.697 150.716 153.28
-21.2414 -18.0004 -15.929 -13.8577 -11.704 -9.55029 -4.50739 0.535507 6.98838 13.4413 16.2361 19.0309 18.7775 18.524 20.339 22.1539 28.5233 34.8926 33.5403 32.1879 32.3633 32.5386 32.6548 32.771 42.7097 52.6485 52.2973 51.9461 54.1165 56.287 59.4596 62.6321 64.9857 67.3392 73.0911 78.8431 78.9831 79.1231 80.7881 82.4531 88.9057 95.3583 100.207 105.056 103.456 101.856 102.603 103.349 107.026 110.703 118.985 127.266 126.506 125.747 131.613 137.479 143.791 150.102 146.956 143.81 149.948 156.086 156.964 157.841 153.465 149.088 152.793
-20.3681 -16.9072 -15.26 -13.5346 -11.8203 -10.0795 -2.07878 3.53548 8.58885 18.5604 18.8573 20.973 21.9827 20.3372 22.6838 27.4128 35.6185 39.0427 36.2805 33.5897 31.0284 29.6643 34.5598 36.9118 45.2814 53.9818 55.9493 52.5261 52.2143 53.5921 58.5736 59.3671 59.2523 64.3231 68.0464 73.0433 75.2668 76.1516 78.725 83.0105 86.1628 94.657 97.2648 99.831 100.775 98.5563 96.8 100.803 103.169 105.98 111.163 118.859 121.428 122.698 128.149 137.818 145.153 153.383 152.896 150.305 153.204 156.511 154.556 154.613 152.727 147.46 150.87
-16.9072 -15.8141 -14.5128 -13.2114 -11.9101 -10.6087 -2.03664 6.53545 15.1075 23.6796 23.2973 22.915 22.5327 22.1504 27.411 32.6716 37.9322 43.1928 39.0921 34.9914 30.8907 26.7901 33.9213 41.0526 48.1838 55.315 54.2106 53.1062 52.0017 50.8973 53.4997 56.1021 58.7045 61.307 64.2752 67.2435 70.2118 73.1801 78.374 83.5679 88.7618 93.9557 94.2809 94.6061 94.9314 95.2566 96.7566 98.2566 99.7566 101.257 105.855 110.453 115.051 119.649 128.903 138.157 147.411 156.665 156.733 156.801 156.869 156.937 154.161 151.385 148.609 145.833 148.218
-15.8931 -14.5128 -13.7246 -13.2749 -12.1461 -11.1379 -2.53342 7.12626 12.2145 19.8444 19.367 21.6245 22.1082 23.9636 29.2685 33.0292 34.8852 37.9816 33.653 31.2003 30.5063 23.9158 32.6002 35.4951 45.5381 48.4126 46.7956 48.8307 49.5017 48.2024 48.7721 52.3631 56.0339 58.6567 59.7224 66.2017 68.5893 70.2085 74.9582 79.3645 82.9469 88.3857 87.7782 90.1494 90.9153 91.9568 92.9596 95.7401 98.9461 99.6312 104.538 105.762 114.821 116.6 125.114 133.329 141.362 150.76 152.962 152.931 156.946 157.362 152.435 151.842 148.596 149.367 151.067
-11.7739 -13.2114 -13.2749 -13.3384 -12.5028 -11.6672 -1.97504 7.71708 11.8631 16.0092 18.1716 20.3339 23.0554 25.7768 29.5818 33.3867 33.0786 32.7704 30.0898 27.4091 24.2253 21.0415 25.4896 29.9377 35.724 41.5102 43.0328 44.5553 45.0315 45.5076 47.0658 48.6241 52.3153 56.0065 60.5831 65.1598 66.1984 67.237 71.1991 75.1611 78.9884 82.8157 84.2542 85.6927 87.1749 88.657 90.9403 93.2236 95.6147 98.0058 99.5389 101.072 107.311 113.551 121.026 128.502 136.678 144.855 146.959 149.062 153.425 157.788 155.044 152.3 152.6 152.9 151.416
-7.40742 -11.9101 -12.326 -12.5028 -10.0548 -12.1964 -4.62601 2.76184 8.66775 12.174 15.9847 19.6025 22.5532 27.59 28.1763 29.6312 28.4502 27.5593 25.1092 23.1148 21.5438 18.1672 22.2029 25.7184 27.904 34.6078 37.318 39.2335 42.487 42.8128 45.9535 47.018 49.46 53.3562 55.6662 60.5799 61.2215 64.2655 67.0017 70.823 73.7583 77.2457 79.7815 81.2797 83.2295 85.3573 86.4108 90.8149 92.8848 96.3804 98.9079 101.088 105.295 110.501 119.397 124.375 130.646 138.95 144.43 147.452 153.422 158.213 156.43 155.802 157.759 156.434 154.116
-10.0795 -10.6087 -11.1379 -11.6672 -12.1964 -12.7256 -7.45949 -2.19339 3.07272 8.33882 13.6049 18.871 24.1371 29.4032 27.6395 25.8757 24.1119 22.3481 20.5843 18.8205 17.0567 15.293 18.3961 21.4992 24.6023 27.7054 30.8086 33.9117 37.0148 40.1179 42.7649 45.4119 48.0589 50.7059 53.353 56 58.647 61.294 63.8894 66.4849 69.0803 71.6758 74.2712 76.8666 79.4621 82.0575 85.2319 88.4062 91.5806 94.755 97.9293 101.104 104.278 107.452 113.851 120.249 126.647 133.046 139.444 145.842 152.241 158.639 158.971 159.304 159.636 159.968 160.3
-5.98787 -6.43583 -6.86159 -10.373 -7.87177 -7.45949 -4.63908 1.20353 7.53805 13.5179 15.5271 20.8268 26.2204 31.2164 28.7591 25.3856 22.1298 23.6373 23.6296 23.4343 19.2943 17.2856 21.9056 27.4291 27.8391 29.4256 31.9161 32.6181 37.0402 37.4231 39.4942 42.344 45.5101 48.4319 51.7187 55.6788 57.3309 58.2709 58.5653 59.7195 62.5847 66.4577 69.4382 73.0614 76.5598 78.7577 80.0773 82.6723 88.4314 93.425 98.3725 101.342 101.407 107.627 116.757 124.159 127.448 132.478 139.385 145.392 153.235 159.065 156.743 158.46 158.019 161.04 159.659
-1.41307 -2.26294 -5.67085 -9.07876 -5.63608 -2.19339 1.20353 4.60044 11.6487 18.697 20.7397 22.7825 27.9061 33.0296 28.9626 24.8955 24.911 24.9264 26.4872 28.048 23.6631 19.2782 26.3186 33.359 32.2524 31.1457 31.2352 31.3246 33.0264 34.7282 37.0022 39.2761 42.717 46.1578 50.7577 55.3576 55.3027 55.2478 54.101 52.9542 57.0969 61.2396 65.2479 69.2563 72.3571 75.458 76.1982 76.9384 84.5167 92.095 96.8372 101.579 104.691 107.802 117.936 128.07 129.99 131.911 138.426 144.941 152.216 159.49 158.554 157.617 159.865 162.112 160.509
-0.409267 1.90996 0.242679 -0.933962 -0.288191 3.07272 6.7677 11.6487 17.9884 23.8761 25.8793 27.819 32.2993 34.8428 33.8901 28.488 27.0296 26.2156 26.956 26.7161 24.604 21.2709 25.6464 31.1419 31.6621 32.8659 30.3825 31.6434 31.7557 32.0334 35.0756 37.3751 38.5251 43.8838 46.7558 50.3816 51.778 52.2247 52.1729 51.4784 54.7697 56.0216 60.8465 64.5436 67.2968 72.1582 77.082 78.0426 85.3322 90.765 95.9056 100.186 103.661 107.977 114.89 123.767 127.163 131.344 137.349 145.25 152.687 159.916 160.452 159.958 161.477 163.184 161.735
5.36286 6.08285 6.64684 7.21084 7.77483 8.33882 13.5179 18.697 23.8761 29.0552 30.9554 32.8556 34.7558 36.656 34.3682 32.0804 29.7926 27.5048 26.4444 25.3841 24.3238 23.2635 26.0941 28.9248 31.7554 34.586 33.2742 31.9623 30.6504 29.3385 32.4063 35.4741 38.5419 41.6097 43.5077 45.4057 47.3036 49.2016 49.6021 50.0026 50.4031 50.8035 55.3173 59.831 64.3447 68.8584 74.0026 79.1467 84.2909 89.435 94.1142 98.7934 103.473 108.152 113.808 119.464 125.121 130.777 138.168 145.559 152.95 160.341 161.32 162.299 163.278 164.257 162.156
6.31214 10.0998 9.21969 11.9711 12.1119 13.6049 18.5326 23.7222 28.734 30.9554 33.3013 36.5555 37.0314 38.4692 38.4472 35.0206 31.9701 30.0214 30.2104 27.9649 29.0699 25.2561 25.185 25.3838 29.8108 32.1637 32.0472 29.0334 27.8352 26.6437 29.2583 30.4075 35.575 38.1658 41.3356 42.0378 44.1065 46.1785 50.8837 50.7882 50.6878 49.6987 54.7752 59.6249 60.7946 65.5587 69.5839 76.4391 83.4447 87.6401 89.7734 96.0883 101.673 108.327 111.667 118.096 123.749 131.944 141.256 147.64 153.647 160.767 162.967 161.639 159.521 162.249 163.421
12.2943 14.1166 15.424 16.7313 17.8012 18.871 23.8092 28.7473 30.8015 32.8556 36.5555 40.2554 40.2689 40.2824 39.1216 37.9609 35.2495 32.5381 31.5419 30.5457 28.8972 27.2487 24.5458 21.8429 25.7921 29.7413 27.9229 26.1046 25.0267 23.9489 24.6449 25.3409 30.0315 34.722 36.696 38.6699 40.9127 43.1554 47.3646 51.5738 50.0839 48.5939 54.0064 59.4188 60.8389 62.2589 67.9952 73.7315 79.7883 85.8452 89.6141 93.3831 100.942 108.502 112.615 116.728 124.92 133.112 141.417 149.721 155.457 161.192 161.086 160.979 160.61 160.241 158.136
17.7115 18.1335 21.5092 21.2541 24.5476 24.1371 27.2354 30.8885 31.578 34.7558 37.007 40.2689 42.9359 42.0956 40.0596 39.3505 35.3527 35.0547 35.3349 32.4742 30.6603 29.2414 29.5824 24.9541 25.1772 27.3189 25.6039 23.9162 23.4778 21.254 22.4302 24.2688 28.4902 31.2781 34.443 35.5708 37.4411 40.1324 44.4816 46.6603 45.0384 47.4891 50.5299 55.2203 55.981 58.9591 65.7465 71.3444 76.7802 84.0503 89.9245 94.4682 102.447 108.676 113.299 119.439 126.024 134.28 142.276 149.233 157.508 161.618 159.538 160.057 160.638 158.234 157.11
20.3372 22.1504 23.9636 25.7768 27.59 29.4032 31.2164 33.0296 34.8428 36.656 38.4692 40.2824 42.0956 43.9088 42.3245 40.7401 39.1558 37.5714 35.9871 34.4027 32.8184 31.234 29.6496 28.0653 26.4809 24.8966 23.3122 21.7279 20.1435 18.5592 20.8779 23.1967 25.5155 27.8342 30.153 32.4717 34.7905 37.1093 39.428 41.7468 44.0656 46.3843 48.7031 51.0218 53.3406 55.6594 62.3084 68.9574 75.6064 82.2553 88.9043 95.5533 102.202 108.851 115.5 122.149 128.798 135.447 142.096 148.745 155.394 162.043 160.589 159.135 157.68 156.226 154.772
26.5892 24.4644 26.281 27.8302 29.1546 30.7358 32.3888 35.8347 37.153 39.0796 38.468 39.9691 40.5004 42.3245 39.2867 36.9677 36.5588 33.713 34.8152 31.0339 28.2446 26.5122 26.8572 24.7184 24.0791 26.2068 24.6009 20.3372 17.4763 15.8643 18.8476 20.8591 24.0305 26.8347 25.9341 27.8074 30.8393 34.4743 37.0765 40.3244 41.6779 46.0445 48.8928 52.6631 54.2126 56.6898 64.5187 68.9209 72.9313 81.2397 88.0891 92.0852 98.5728 107.152 116.519 122.577 128.444 134.21 144.01 148.846 155.494 162.469 158.909 156.453 155.474 155.514 156.251
26.4447 26.7783 28.3309 29.8835 30.976 32.0684 35.3541 38.6398 40.0715 41.5031 40.5795 39.6558 40.198 40.7401 36.9677 33.1952 31.5249 29.8545 28.7598 27.6651 24.7277 21.7903 21.581 21.3716 24.4443 27.5169 23.2318 18.9466 16.0581 13.1695 15.8455 18.5215 22.1783 25.8351 24.4891 23.1431 27.4912 31.8393 35.3706 38.9019 42.3033 45.7047 50.0045 54.3043 56.0123 57.7203 63.3024 68.8844 74.5543 80.2241 84.4205 88.617 97.0347 105.453 114.229 123.005 127.989 132.974 140.96 148.946 155.92 162.894 158.333 153.772 154.287 154.802 154.167
29.7959 29.0922 30.7629 31.4767 31.7827 33.401 35.4006 39.5908 41.9252 43.9267 44.6892 40.8083 39.9727 39.1558 36.5056 31.5249 26.948 25.9961 25.1481 22.4536 21.0301 17.0685 17.7394 21.3068 23.5237 28.8271 24.0416 18.9526 16.4456 10.4746 14.4564 17.1647 21.7741 24.8356 25.4449 24.1729 26.5229 29.2044 33.6463 37.3496 43.4307 45.3648 49.5506 53.3537 55.5354 58.7508 63.6389 68.9357 73.0396 79.2085 84.0852 89.3701 97.0917 103.753 110.431 119.641 126.168 131.737 141.095 148.034 156.56 163.32 161.015 156.167 156.037 154.09 155.228
30.2027 31.4061 32.2379 33.0698 33.9017 34.7336 37.6377 40.5419 43.446 46.3502 44.1555 41.9608 39.7661 37.5714 33.713 29.8545 25.9961 22.1377 19.6899 17.2422 14.7944 12.3467 16.7943 21.242 25.6896 30.1373 24.5479 18.9585 13.3692 7.77979 11.7939 15.8079 19.822 23.836 24.5194 25.2027 25.8861 26.5694 31.1833 35.7972 40.4111 45.025 48.7141 52.4031 56.0922 59.7812 64.3841 68.987 73.5899 78.1928 84.1581 90.1233 96.0885 102.054 109.165 116.277 123.388 130.5 138.811 147.123 155.434 163.745 161.154 158.562 155.97 153.378 152.328
36.4294 33.3484 33.7168 34.6378 35.0628 36.0661 38.7154 39.5058 43.3027 43.6749 45.0112 45.0172 37.8048 35.9871 30.1906 26.3237 21.8871 19.6899 18.2268 14.1042 9.77459 7.62486 11.2571 14.2063 16.7891 21.4105 18.703 10.5319 6.98575 5.08495 8.16289 11.2068 15.2841 19.5058 20.2483 20.9304 22.813 23.9345 29.1701 32.8991 40.1272 43.7604 48.8187 53.0399 55.9198 60.8117 64.3967 73.2212 76.6888 78.5395 83.5946 88.8708 95.5086 100.354 105.43 113.72 123.316 130.463 139.141 147.002 155.285 164.171 162.937 158.133 156.57 154.208 156.245
36.818 35.2908 35.7483 36.2058 36.8022 37.3987 37.9342 38.4697 39.7347 40.9996 44.5365 48.0735 41.2381 34.4027 28.5977 22.7928 20.0175 17.2422 14.1042 10.9661 6.93458 2.90303 5.03684 7.17065 9.92712 12.6836 7.39441 2.10522 2.24766 2.39011 4.49791 6.60571 10.8906 15.1755 15.9168 16.6582 18.9788 21.2995 25.6502 30.001 36.2483 42.4957 48.0862 53.6767 57.7594 61.8422 69.6487 77.4553 78.1708 78.8862 83.2523 87.6183 93.1366 98.6549 104.909 111.163 120.795 130.426 138.653 146.881 155.739 164.597 161.15 157.704 156.371 155.038 156.745
38.4074 37.2331 37.0081 37.9127 37.7869 38.7313 39.1781 38.1631 37.9751 38.3242 39.4922 40.7575 36.0496 32.8184 27.1351 22.2916 21.999 14.7944 12.7091 6.93458 2.53169 -1.8188 -0.790395 0.757641 0.818345 3.95675 1.8276 -0.88981 -0.00754982 -0.304734 1.56586 4.18171 6.64021 10.8453 9.61732 13.9652 16.9783 18.6645 23.0229 28.9995 36.1074 41.231 45.4805 52.8057 59.1801 62.8726 67.8744 74.5983 78.6435 79.2329 82.8759 87.5181 92.1084 96.9556 105.029 111.984 120.43 130.389 139.122 147.39 155.041 165.022 162.123 159.388 158.029 155.868 155.28
38.9534 39.1755 39.3976 39.6197 39.8418 40.0639 38.9601 37.8564 36.7527 35.6489 34.5452 33.4415 32.3377 31.234 26.5122 21.7903 17.0685 12.3467 7.62486 2.90303 -1.8188 -6.54063 -6.098 -5.65536 -5.21273 -4.7701 -4.32747 -3.88484 -3.44221 -2.99958 -0.620932 1.75771 4.13636 6.515 8.89365 11.2723 13.6509 16.0296 22.0138 27.998 33.9821 39.9663 45.9505 51.9347 57.9189 63.9031 67.8222 71.7414 75.6605 79.5796 83.4987 87.4179 91.337 95.2561 104.03 112.804 121.578 130.352 139.126 147.9 156.674 165.448 163.26 161.073 158.885 156.697 154.51
36.0869 39.164 39.579 41.9736 41.6637 40.0706 37.3722 33.9622 34.3072 31.9717 29.8139 26.2253 28.3263 29.6496 25.8911 22.1194 15.6527 12.3481 8.66229 2.57062 -2.20056 -6.098 -4.74734 -5.78001 -5.55967 -5.03113 -4.58956 -3.11092 -4.35325 -5.69442 -4.06553 -0.766051 0.918409 4.92074 7.06659 8.99234 13.5439 17.0002 23.3502 29.6394 32.0028 40.0063 46.7142 53.1182 60.7697 64.9336 68.5891 69.4635 74.2305 77.8625 81.2475 88.3085 93.1533 98.4116 105.442 112.608 124.194 130.334 140.124 148.065 156.677 165.873 163.064 162.309 160.905 157.56 155.304
