p4_fractalLandscape/my3.dem.grd
ncols 65
nrows 65
xllcorner 0
yllcorner 0
cellsize 10
[rows 31 to 61 of 65, columns 0 to 64 of 65]
31 32.2951 33.2751 32.598 34.584 37.0113 37.678 34.8649 33.5267 33.415 33.56 34.4598 37.4619 37.9685 36.6486 36.693 37.3569 40.602 41.0095 42.1734 43.461 43.8809 42.6985 42.8363 43.0769 45.138 46.2846 45.4714 44.7806 46.373 47.8445 47.6185 47.5131 49.8679 48.1618 53.5605 55.17 56.7657 59.2941 58.1673 60.0134 60.7894 62.071 61.6652 63.1932 64.7796 64.7475 67.8168 72.4161 70.248 70.8254 72.7194 76.9609 79.0518 80.8423 81.8375 83.588 84.7486 85.4511 86.112 89.0999 90.0198 92.3831 93.3705 95
32 32.5004 33.0008 33.5013 34.0017 34.5021 35.0025 35.503 36.0034 36.5038 37.0042 37.5047 38.0051 38.5055 39.0059 39.5064 40.0068 40.5072 41.0076 41.5081 42.0085 42.5089 43.0093 43.5097 44.0102 44.5106 45.011 45.5114 46.0119 46.5123 47.0127 47.5131 48.0136 49.5131 51.0127 52.5123 54.0119 55.5114 57.011 58.5106 60.0102 61.5097 63.0093 64.5089 66.0085 67.5081 69.0076 70.5072 72.0068 73.5064 75.0059 76.5055 78.0051 79.5047 81.0042 82.5038 84.0034 85.503 87.0025 88.5021 90.0017 91.5013 93.0008 94.5004 96
33 32.0848 31.651 30.6362 34.8529 34.4942 37.3703 37.4807 34.4956 36.0558 34.1996 35.2731 36.5548 38.2208 39.6794 40.1645 42.2935 42.3566 44.1999 42.7518 43.7693 43.073 44.3479 45.7695 47.6486 48.2797 47.8257 47.5037 49.5537 48.2072 47.7194 49.0481 49.5131 49.9187 53.0078 57.0619 61.4949 63.6521 64.2553 66.5634 66.032 66.9219 69.2315 72.9877 72.4967 71.7667 73.39 73.9569 73.3582 76.7596 76.6153 77.6511 78.1581 80.146 82.6258 83.6241 86.8187 88.1474 88.184 88.8855 92.8194 93.1499 95.4113 96.1383 97
34 32.1506 30.3011 33.0026 35.7041 37.7211 39.7381 36.363 32.9878 32.1914 31.3949 33.2497 35.1044 37.7287 40.3529 42.4666 44.5803 45.9862 47.3921 46.4611 45.53 45.6083 45.6865 48.4868 51.287 50.9637 50.6403 51.8679 53.0955 50.7608 48.4261 49.7194 51.0127 53.0078 55.0028 61.9904 68.9779 70.2387 71.4995 71.7766 72.0537 73.7537 75.4536 77.2193 78.9849 78.3786 77.7723 76.241 74.7097 76.4671 78.2246 78.2679 78.3111 81.2793 84.2474 86.9407 89.6339 89.4997 89.3655 92.5013 95.637 96.7294 97.8218 97.9109 98
35 33.1352 33.5022 34.0698 36.5554 36.2481 36.7138 33.2351 31.4801 31.3273 31.2415 31.2146 33.6541 35.7112 40.5159 44.7149 46.867 46.7947 48.2474 49.4545 47.2908 48.8452 49.7471 52.8496 54.9255 53.8336 55.0059 55.9001 56.6373 54.23 52.7608 53.5748 52.5123 60.5949 61.9904 69.7577 76.4609 78.5511 77.7601 77.3393 78.0755 79.761 81.7415 84.9548 85.4731 83.0653 81.2296 82.0097 76.0611 74.4221 78.1197 79.2555 78.4642 82.7456 85.5941 88.6287 92.4492 92.5099 93.817 94.6595 98.4547 97.329 99.229 99.1048 99
36 36.3517 36.7033 37.0549 37.4066 35.548 33.6894 31.8309 29.9723 30.5301 31.088 31.6459 32.2038 36.4413 40.6788 44.9163 49.1538 49.1282 49.1027 49.0771 49.0516 51.4297 53.8077 56.1858 58.5639 58.9677 59.3715 59.7753 60.1791 58.6373 57.0955 55.5537 54.0119 61.4949 68.9779 76.4609 83.944 83.9823 84.0206 84.0589 84.0973 86.0633 88.0293 89.9953 91.9613 88.3241 84.687 81.0498 77.4126 77.7137 78.0149 78.3161 78.6172 82.779 86.9408 91.1026 95.2645 96.7664 98.2684 99.7704 101.272 100.954 100.636 100.318 100
37 36.77 37.8153 34.9817 36.0476 33.4499 33.6062 31.8935 28.4645 28.819 27.4812 31.5052 34.4331 38.1476 42.5133 45.9539 51.4405 51.9311 52.5666 53.7587 53.216 55.6203 58.5325 60.0199 62.2023 60.1123 59.4399 61.4727 61.7753 60.4728 57.9815 56.0327 55.5114 61.8102 68.7199 75.9139 83.9823 87.1467 87.5037 88.3033 90.1191 91.8464 90.9666 91.0019 92.8463 89.4277 86.3579 82.2988 78.764 80.2968 80.7125 81.1637 82.6309 85.5834 89.8224 93.3981 98.0797 98.4657 99.5468 101.228 102.27 101.911 102.575 100.301 101
38 38.4637 38.9273 36.808 34.6886 34.1058 33.523 30.2399 26.9567 25.4156 23.8745 30.2684 36.6624 40.5051 44.3479 49.0376 53.7273 54.8789 56.0305 56.7054 57.3804 60.3188 63.2572 64.549 65.8407 62.6745 59.5083 61.4399 63.3715 61.1196 58.8676 57.9393 57.011 62.7364 68.4618 76.2412 84.0206 87.5037 90.9868 93.5638 96.1408 95.0224 93.9039 93.8176 93.7314 90.8801 88.0288 84.0721 80.1155 81.7628 83.4102 85.0274 86.6446 89.6742 92.7039 96.7994 100.895 100.86 100.825 102.046 103.268 103.89 104.513 103.257 102
39 38.6171 37.4563 33.5913 33.3296 32.4637 30.7395 28.3719 25.4489 25.2062 28.2028 33.8932 38.8917 43.95 47.0294 52.2057 56.014 54.9235 59.0177 60.2228 61.5448 65.6459 66.3353 66.157 69.4792 69.2579 64.6745 65.998 64.9677 64.3186 61.0773 59.8036 58.5106 65.4744 70.2578 76.3053 84.0589 87.9012 93.5638 97.3095 102.163 102.598 97.8734 96.9657 94.6164 92.1044 88.5943 86.1885 81.4669 82.0836 86.0777 89.4544 90.6583 93.3594 96.6513 100.175 103.71 101.257 103.36 104.236 104.265 102.561 104.572 103.295 103
40 37.9926 35.9853 33.9779 31.9706 29.9632 27.9559 25.9485 23.9412 28.2361 32.5311 36.826 41.121 45.4159 49.7109 54.0058 58.3008 60.1529 62.005 63.8571 65.7092 67.5613 69.4134 71.2655 73.1176 71.4792 69.8407 68.2023 66.5639 64.9255 63.287 61.6486 60.0102 66.032 72.0537 78.0755 84.0973 90.1191 96.1408 102.163 108.184 105.014 101.843 98.6721 95.5014 92.3306 89.1599 85.9891 82.8183 85.7817 88.7451 91.7085 94.6719 97.6353 100.599 103.562 106.526 106.21 105.894 105.578 105.263 104.947 104.631 104.316 104
41 42.0968 39.0585 39.6256 37.1417 36.3886 34.6618 30.7018 28.7357 32.9778 32.1594 35.149 41.9705 45.4668 48.3692 53.1855 60.5875 62.8457 64.6816 66.5001 67.6095 70.4971 71.845 74.2678 73.2655 70.7709 69.9354 67.4239 65.5606 63.854 63.7803 63.3736 61.5097 65.6472 71.1692 79.4164 82.8689 88.888 97.4366 99.1087 105.014 103.735 100.621 100.028 98.831 93.808 90.5686 86.5853 84.1698 88.3337 92.9957 93.3056 95.2774 97.2184 98.2534 102.822 106.062 106.387 105.79 105.92 105.262 106 107.185 106.235 105
42 42.0658 42.1316 42.2222 42.3128 41.8402 41.3677 37.449 33.5302 32.659 31.7878 37.304 42.8201 44.9239 47.0276 54.9509 62.8743 65.1162 67.3582 68.434 69.5098 71.8932 74.2766 73.845 73.4134 71.7218 70.0301 67.2937 64.5572 64.4154 64.2736 63.6415 63.0093 66.647 70.2847 75.9626 81.6405 90.1865 98.7324 100.288 101.843 100.621 99.3984 100.78 102.161 97.069 91.9773 88.7493 85.5212 91.3838 97.2463 96.5646 95.8829 95.8954 95.908 100.753 105.598 105.642 105.686 105.474 105.261 107.5 109.738 107.869 106
43 44.3521 45.2296 46.1347 47.4838 46.9837 44.6274 42.6102 38.3247 37.5032 37.8035 38.5577 43.6697 48.2752 51.5055 59.9179 65.161 66.7962 68.8686 71.5204 71.4101 73.025 73.8932 72.6199 73.5613 71.4291 69.08 65.8209 63.5539 63.8234 64.2766 63.3974 64.5089 66.8238 71.4404 76.9928 80.4122 86.1522 93.0375 96.3129 98.6721 99.6956 100.78 101.623 105.49 102.241 95.2497 90.4692 86.8727 90.8123 94.9527 95.8986 96.4884 98.5543 98.395 101.921 105.134 105.804 105.326 104.797 105.261 105.826 108.184 108.079 107
44 46.1637 48.3275 50.4912 52.6549 50.271 47.8871 45.5032 43.1193 43.4693 43.8193 44.1693 44.5193 50.2514 55.9835 61.7156 67.4478 68.9134 70.3791 71.8448 73.3104 73.4101 73.5098 73.6095 73.7092 70.9195 68.1299 65.3402 62.5506 63.4151 64.2795 65.144 66.0085 69.3023 72.5961 75.89 79.1838 83.2632 87.3426 91.422 95.5014 98.831 102.161 105.49 108.82 103.671 98.522 93.3731 88.2241 90.4416 92.659 94.8764 97.0939 98.988 100.882 102.776 104.67 104.818 104.965 105.113 105.26 105.945 106.63 107.315 108
45 49.0639 50.8187 51.5935 53.2784 50.5072 49.4873 51.094 47.9138 47.601 47.9335 47.7116 50.751 56.2188 61.5661 63.2065 69.7345 69.9967 69.5293 70.2811 73.8448 77.0945 78.3981 76.607 73.8571 72.3317 70.1594 67.4769 65.2014 65.1956 65.9638 66.5451 67.5081 72.045 74.8925 74.8162 78.741 80.99 83.2983 88.2092 92.3306 94.9437 96.7599 100.771 103.671 100.529 98.3978 94.4028 89.5756 92.1733 92.6215 94.626 97.376 99.0548 97.4601 101.989 104.206 104.604 104.187 105.21 105.797 106.128 105.255 109.647 109
46 49.655 53.31 53.6059 53.9018 52.4946 51.0874 51.8979 52.7083 52.3781 52.0478 54.5152 56.9827 62.0657 67.1487 69.585 72.0213 70.3504 68.6795 71.5293 74.3791 78.8328 83.2865 78.6457 74.005 73.0969 72.1889 70.0206 67.8522 67.7501 67.6481 68.3279 69.0076 73.0982 77.1888 77.7435 78.2982 78.7761 79.2541 84.207 89.1599 90.2595 91.3592 94.9406 98.522 98.3978 98.2737 94.6003 90.927 91.7556 92.5841 95.1211 97.6581 95.8481 94.0381 98.8904 103.743 103.576 103.409 104.871 106.334 105.107 103.881 106.94 110
47 50.8337 52.4422 52.5334 54.5253 54.9337 54.9052 56.4997 57.5028 58.8936 58.9598 57.6364 63.2144 67.0436 70.0845 71.5628 74.308 73.1577 72.3504 74.5026 74.9134 77.2477 79.0804 77.9995 74.1529 73.9249 72.9581 71.4364 70.503 71.7473 70.1142 68.4769 70.5072 73.4115 75.9492 77.2627 77.8554 77.4062 79.6848 84.6157 85.9891 87.0429 88.4402 90.1548 93.3731 93.1982 94.6003 95.0392 92.2785 94.279 94.2551 95.2001 97.9403 97.3987 97.2784 100.932 103.279 102.493 104.26 106.205 106.871 105.6 106.792 108.857 111
48 49.7872 51.5743 53.3615 55.1487 56.9359 58.723 60.5102 62.2974 64.0845 65.8717 67.6589 69.4461 71.2332 73.0204 74.8076 76.5947 76.308 76.0213 75.7345 75.4478 75.161 74.8743 74.5875 74.3008 74.014 73.7273 73.4405 73.1538 72.867 72.5803 72.2935 72.0068 73.3582 74.7097 76.0611 77.4126 78.764 80.1155 81.4669 82.8183 84.1698 85.5212 86.8727 88.2241 89.5756 90.927 92.2785 93.6299 94.778 95.9262 97.0743 98.2224 99.3706 100.519 101.667 102.815 103.963 105.111 106.259 107.407 108.556 109.704 110.852 112
49 49.8619 46.9962 51.0532 53.6529 55.2178 57.1329 59.4163 60.095 61.7296 66.1447 69.7111 70.8094 72.0577 75.9862 75.7451 76.8076 77.6344 77.3095 76.7033 76.1665 76.6417 78.2874 81.2744 80.4584 78.4098 76.0282 73.0776 71.0414 72.6424 71.8573 71.3862 73.5064 75.5338 77.9921 77.7648 81.4715 82.0684 80.0753 82.6992 82.9041 85.2222 83.8009 85.2956 87.5751 90.3083 92.6264 94.4717 94.778 99.2399 100.596 101.076 102.891 103.885 102.148 102.877 102.899 104.263 102.907 107.042 107.407 108.745 109.773 112.173 113
50 46.209 42.418 47.2875 52.1571 53.8499 55.5427 56.7176 57.8926 62.1552 66.4177 69.2952 72.1727 75.5624 78.952 77.9862 77.0204 77.8091 78.5978 77.7416 76.8853 79.293 81.7006 84.1583 86.616 82.4726 78.3292 73.6291 68.9291 70.0316 71.1342 73.0701 75.0059 78.1402 81.2745 83.4024 85.5304 82.7828 80.0352 81.5126 82.9899 82.5352 82.0806 84.5033 86.926 90.6259 94.3259 95.126 95.9262 100.596 105.265 106.412 107.559 105.668 103.778 103.381 102.983 101.843 100.702 104.054 107.406 108.624 109.843 111.921 114
51 48.7102 46.5004 47.941 50.6613 52.9723 53.4347 55.0637 55.6902 58.9401 65.3056 70.1826 73.536 76.6606 77.5624 78.1036 77.2332 77.5123 78.2411 77.7909 77.6041 80.3464 85.1638 88.962 92.7736 87.8083 80.0735 74.5685 66.8167 69.2228 71.2445 72.336 76.5055 79.2458 83.5506 86.5058 89.5893 87.6393 84.22 82.7594 83.0757 82.1628 83.2376 82.9347 86.277 89.5842 93.1255 97.3326 97.0743 101.323 106.412 109.693 112.228 109.704 106.901 103.764 103.068 103.569 102.99 105.97 107.405 109.667 110.772 113.56 115
52 51.2914 50.5828 49.8742 49.1655 50.2461 51.3267 52.4072 53.4878 58.8407 64.1935 69.5464 74.8993 75.536 76.1727 76.8094 77.4461 77.6653 77.8845 78.1037 78.3229 83.475 88.6271 93.7791 98.9312 90.3745 81.8178 73.2611 64.7043 68.0295 71.3547 74.6799 78.0051 81.9158 85.8266 89.7374 93.6482 91.0265 88.4048 85.7831 83.1614 83.7781 84.3947 85.0113 85.6279 88.7766 91.9252 95.0738 98.2224 102.891 107.559 112.228 116.896 113.46 110.024 106.588 103.152 104.215 105.278 106.341 107.404 109.553 111.702 113.851 116
53 54.2518 51.1281 49.6593 49.4589 50.1617 49.5395 50.9113 51.2854 54.3923 59.2321 64.2608 71.5464 72.4256 72.8874 75.2287 77.6589 82.2955 83.7141 83.2124 83.9746 89.2409 93.9955 101.483 105.089 97.2064 89.5091 81.5586 74.4739 76.1808 79.1602 79.2608 79.5047 84.1079 87.6002 89.8757 91.1746 87.7644 86.9067 85.6002 83.2472 83.8979 83.6914 84.4657 87.5109 89.8054 92.957 96.6634 99.3706 104.639 109.235 112.392 113.46 108.775 107.01 105.913 103.236 104.576 106.27 107.99 108.489 109.534 112.942 115.307 117
54 52.8368 51.6735 50.7129 49.7523 48.7524 47.7524 48.4177 49.083 51.6769 54.2707 61.2321 68.1935 68.8978 69.6021 73.7369 77.8717 83.7077 89.5437 89.585 89.6262 94.4951 99.364 105.305 111.246 104.223 97.2004 90.7219 84.2434 85.6046 86.9658 83.985 81.0042 85.189 89.3737 89.0374 88.701 87.0548 85.4086 84.3708 83.333 83.1605 82.9881 86.191 89.3938 91.6913 93.9887 97.2537 100.519 105.715 110.911 110.467 110.024 107.01 103.996 103.658 103.32 105.291 107.262 108.418 109.574 111.878 114.183 116.091 118
55 53.2956 52.4215 52.5156 50.0457 48.4959 47.6305 46.3252 46.8806 51.8859 53.6769 58.144 64.8407 67.8613 69.7473 74.7752 78.0845 84.4146 89.5786 91.9779 95.2779 100.867 105.805 109.93 117.404 111.248 105.436 103.478 94.013 91.0565 90.4294 87.6064 82.5038 83.1775 86.6262 87.6098 86.2275 85.5384 84.5189 84.2119 83.4187 85.3874 85.6601 89.0942 91.2768 92.9003 95.988 95.937 101.667 105.086 106.947 107.665 106.588 105.628 103.658 103.447 103.404 104.167 107.439 108.631 110.659 114.21 115.027 115.62 119
56 54.5848 53.1695 51.7543 50.3391 48.9239 47.5086 46.0934 44.6782 48.8806 53.083 57.2854 61.4878 65.6902 69.8926 74.095 78.2974 83.9554 89.6134 95.2715 100.93 106.588 112.246 117.904 123.562 118.617 113.672 108.727 103.783 98.8377 93.893 88.9482 84.0034 83.941 83.8787 83.8163 83.754 83.6916 83.6292 83.5669 83.5045 85.9183 88.3321 90.7459 93.1597 95.5735 97.9874 100.401 102.815 102.899 102.983 103.068 103.152 103.236 103.32 103.404 103.489 105.553 107.616 109.68 111.744 113.808 115.872 117.936 120
57 55.5153 53.9098 54.8615 52.3009 51.9323 50.1037 49.0854 48.0934 53.0433 55.6087 57.4166 61.8397 65.3521 68.232 71.96 78.5102 84.7306 90.2548 94.7148 100.192 105.463 109.079 116.091 119.116 118.333 113.982 107.097 102.38 95.8957 94.2185 90.2315 85.503 82.7316 82.7798 83.8401 84.5852 82.9089 83.333 85.1982 86.0665 88.0066 91.7374 94.9199 94.6221 95.966 96.5408 100.074 103.963 104.501 102.496 102.738 105.367 104.354 104.111 104.732 105.553 107.253 112.061 114.252 115.01 116.37 118.091 118.269 121
58 56.325 54.65 54.4563 54.2626 53.4807 52.6988 52.1037 51.5086 54.8216 58.1345 60.163 62.1916 64.3815 66.5714 72.6472 78.723 84.8096 90.8961 95.1755 99.4548 102.683 105.911 110.291 114.671 114.482 114.292 107.634 100.977 97.7605 94.5441 90.7733 87.0025 84.3417 81.6808 83.5486 85.4164 84.2266 83.0369 85.8326 88.6284 91.8856 95.1427 95.6136 96.0845 95.5894 95.0943 100.103 105.111 103.56 102.009 104.795 107.582 106.241 104.901 106.259 107.616 112.061 116.505 117.39 118.276 119.293 120.311 121.155 122
59 56.9625 56.8715 55.4049 56.2244 55.8429 55.4807 56.0555 54.9239 57.4754 59.3759 58.9803 62.5435 65.4767 68.7967 71.3096 78.9359 84.5667 89.7302 95.7271 98.7174 101.407 103.896 106.443 110.226 107.228 108.134 104.662 99.574 97.0455 94.3152 92.0077 88.5021 87.439 85.1105 88.0657 86.2476 87.9054 86.7262 89.43 91.1903 94.8245 95.7617 95.1758 97.5469 97.9723 99.1513 99.7647 106.259 108.535 105.859 106.961 109.796 111.438 108.389 108.843 109.68 114.88 117.39 120.022 121.541 122.942 122.357 122.489 123
60 59.5465 59.0931 58.6396 58.1862 58.2244 58.2626 58.3009 58.3391 59.4782 60.6173 61.7563 62.8954 66.9587 71.022 75.0854 79.1487 83.8565 88.5644 93.2722 97.9801 99.9303 101.88 103.831 105.781 103.878 101.976 100.074 98.1712 96.1288 94.0864 92.0441 90.0017 89.271 88.5403 87.8095 87.0788 88.7472 90.4155 92.0839 93.7523 95.0665 96.3807 97.695 99.0092 101.109 103.208 105.308 107.407 108.558 109.709 110.86 112.011 111.945 111.878 111.811 111.744 115.01 118.276 121.541 124.807 124.605 124.404 124.202 124
61 62.1936 63.0871 61.8382 60.6396 61.052 60.0196 60.9366 61.7543 61.564 63.1185 64.5847 66.1716 69.7541 72.6329 75.1185 79.3615 83.3618 88.7471 90.0896 94.4851 95.3502 96.2808 97.876 101.336 101.463 100.011 96.0295 96.6284 97.6381 95.3591 91.6075 91.5013 92.8793 96.8214 94.9741 90.3091 91.5124 93.5868 95.492 96.3142 98.4812 99.0898 100.229 101.257 102.453 103.213 106.834 108.556 108.778 109.476 108.98 113.008 113.389 113.695 112.865 113.808 120.056 121.11 124.501 124.605 125.891 126.632 125.979 125
