p4_fractalLandscape/my3.dem.grd
ncols 65
nrows 65
xllcorner 0
yllcorner 0
cellsize 10
[rows 0 to 30 of 65, columns 0 to 64 of 65]
0 1 2 3 4 5 6 7 8 9 10 11 12 13 14 15 16 17 18 19 20 21 22 23 24 25 26 27 28 29 30 31 32 33 34 35 36 37 38 39 40 41 42 43 44 45 46 47 48 49 50 51 52 53 54 55 56 57 58 59 60 61 62 63 64
1 2.70398 6.3667 8.56003 8.87272 4.54999 5.89406 6.17211 7.17224 5.19648 7.38642 9.16607 11.9208 12.3672 10.1169 12.1326 14.8506 17.1807 16.9038 17.9613 20.696 20.3411 22.563 22.4308 23.1617 25.3734 27.662 26.8104 28.1786 26.9214 28.3218 30.3952 32.5004 36.137 33.6351 36.1396 35.8666 37.6424 40.0699 41.1636 42.7762 43.6909 44.935 46.2742 47.3612 46.8978 47.622 47.0478 49.9098 50.7203 50.8911 53.2718 52.5711 53.6845 56.5312 57.685 57.183 60.4386 61.9785 62.4118 63.5846 65.7449 66.6209 66.4204 65
2 6.3667 10.7334 12.2394 13.7454 9.76679 5.78813 6.06631 6.34449 5.55866 4.77284 8.30722 11.8416 9.03772 6.23384 9.96748 13.7011 14.7544 15.8077 18.5999 21.392 22.2591 23.1261 22.7248 22.3234 25.8237 29.324 28.8406 28.3571 27.5004 26.6437 29.8223 33.0008 33.1356 33.2703 34.5017 35.7331 38.9365 42.1398 43.8461 45.5523 46.7111 47.87 49.2962 50.7225 49.9832 49.244 50.5317 51.8195 51.8009 51.7823 52.4623 53.1423 56.1024 59.0625 58.7143 58.3661 62.1616 65.9571 66.5631 67.1691 69.2055 71.2418 68.6209 66
3 7.48136 12.2394 15.0519 18.6182 16.1725 9.93903 8.41815 5.51673 5.78991 6.47947 10.0365 11.7624 9.10877 8.88829 10.7678 12.5517 15.2773 16.4504 17.8141 22.0881 20.5336 22.4208 20.6726 21.4851 25.1119 27.0023 25.4916 28.5357 28.1421 29.0008 31.5402 33.5013 31.7656 34.0021 35.5359 35.5997 39.6868 42.7126 47.1502 48.3285 50.7989 51.0724 51.6828 54.0837 51.6837 52.893 53.3236 53.7293 55.2383 53.372 53.1273 53.7134 54.2242 58.2854 59.9999 59.5491 65.3405 66.7461 69.9129 70.7537 69.6644 71.2055 68.9281 67
4 8.87272 13.7454 18.6182 23.4909 18.7904 14.0899 9.38945 4.68898 6.43754 8.1861 9.93466 11.6832 11.613 11.5427 11.4725 11.4023 14.2477 17.0932 19.9386 22.7841 22.2498 21.7155 21.1811 20.6468 22.6637 24.6806 26.6974 28.7143 30.0361 31.358 32.6798 34.0017 34.3678 34.734 35.1001 35.4662 39.3758 43.2854 47.195 51.1046 52.6897 54.2748 55.8599 57.445 56.9935 56.542 56.0905 55.639 55.3004 54.9618 54.6232 54.2846 55.8964 57.5083 59.1202 60.7321 64.1337 67.5352 70.9368 74.3383 72.7537 71.1691 69.5846 68
5 7.52833 10.6781 14.9428 18.7904 14.5438 11.7781 7.96456 3.86122 4.8141 4.25677 6.25503 9.78522 9.93493 8.17459 10.7716 10.2528 12.2059 16.9809 18.4008 20.1003 18.2166 19.3045 18.8715 19.8085 23.4344 26.4549 26.3468 28.1978 29.2354 30.1834 32.0025 34.5021 32.7722 33.9451 35.3526 38.8763 42.9411 47.6713 51.0877 53.8808 55.1709 58.0675 59.4268 58.7696 58.7574 57.0883 60.1478 57.5488 60.3838 58.0866 56.8435 56.8062 60.7786 60.162 61.4368 61.9152 65.1151 66.4809 69.6726 72.9368 72.9133 71.809 69.6929 69
6 6.80542 7.61084 10.8504 14.0899 11.7781 9.46634 6.2499 3.03346 1.68045 0.327435 4.10733 7.88722 6.34684 4.80645 6.95492 9.10339 12.9861 16.8687 17.1427 17.4166 17.1551 16.8936 17.9319 18.9703 23.5998 28.2293 27.9553 27.6814 28.3451 29.0087 32.0056 35.0025 34.0794 33.1562 37.7212 42.2863 47.1717 52.0571 54.357 56.6569 59.2586 61.8603 60.9773 60.0943 58.8645 57.6347 58.5466 59.4585 60.3349 61.2113 60.2696 59.3278 61.0717 62.8156 62.9569 63.0982 64.2624 65.4267 68.4809 71.5352 71.992 72.4489 71.2244 70
7 6.76622 6.97767 7.58793 9.38945 9.9648 6.2499 4.06102 2.20571 -0.180184 1.53101 2.37084 5.98923 7.80032 5.12716 6.24082 7.95395 10.1081 13.1478 14.4968 14.7328 14.5466 15.7825 16.928 18.132 23.3076 25.1002 26.8126 27.165 28.5166 30.1674 33.4253 35.503 37.7326 37.8555 42.8104 45.6963 50.1289 53.8574 57.0385 59.4331 59.8605 62.1684 62.0931 61.419 59.9198 60.3228 60.8901 61.3683 61.053 62.518 61.1848 61.8495 62.529 63.8666 62.831 64.2812 65.1794 66.2624 67.9415 70.1337 71.0679 71.4075 73.4945 71
8 7.17224 6.34449 5.51673 4.68898 3.86122 3.03346 2.20571 1.37795 2.05627 2.73459 3.41291 4.09123 4.76955 5.44787 6.12619 6.80451 8.11566 9.4268 10.7379 12.0491 13.3602 14.6714 15.9825 17.2937 19.6324 21.9711 24.3098 26.6485 28.9872 31.326 33.6647 36.0034 39.2791 42.5549 45.8306 49.1063 52.3821 55.6578 58.9335 62.2093 62.3429 62.4765 62.6101 62.7436 62.8772 63.0108 63.1444 63.278 63.5513 63.8246 64.0979 64.3711 64.6444 64.9177 65.191 65.4642 66.2812 67.0982 67.9151 68.7321 69.5491 70.3661 71.183 72
9 8.81657 6.34578 7.17213 7.81584 6.57108 5.18131 4.19496 2.05627 1.76107 4.34034 4.27905 5.11245 6.63789 6.76446 6.4424 5.65508 7.08772 8.7947 10.622 10.3742 13.1467 16.1133 15.75 17.483 18.8613 20.9561 24.2352 27.697 28.5517 29.9839 32.7482 36.5038 40.0991 43.0249 44.8989 48.2066 52.2968 54.7028 57.7171 61.8433 63.5603 62.9946 60.7295 61.8009 62.3414 62.0614 62.596 65.1878 64.5744 64.7586 65.6347 65.1089 65.5371 67.3417 66.2483 67.191 67.9378 68.298 68.6214 70.5824 67.7541 68.7509 71.0124 73
10 8.17354 6.34708 8.6449 10.9427 9.13594 7.32916 5.03188 2.73459 4.34034 5.94608 6.03988 6.13367 7.10736 8.08104 6.29334 4.50564 6.33412 8.16259 8.43097 8.69935 13.1273 17.5553 17.6137 17.6722 18.8066 19.941 24.3433 28.7456 28.6937 28.6418 32.823 37.0042 40.2496 43.4949 45.4009 47.3069 50.5273 53.7478 57.6125 61.4773 62.495 63.5127 62.1854 60.8581 60.9851 61.1121 64.1048 67.0975 66.3951 65.6927 65.7697 65.8466 67.8062 69.7657 69.3417 68.9177 69.2077 69.4978 70.9653 72.4328 69.7842 67.1357 70.5678 74
11 11.6115 10.4727 12.4576 14.0696 11.068 8.9865 9.80054 3.41291 4.15915 6.03988 6.92385 7.15489 7.80262 6.63624 3.42176 3.35621 3.95461 5.97039 6.44253 7.02448 11.3577 14.6277 16.9163 17.8615 20.282 22.1939 25.9213 29.7941 30.0574 31.5328 35.3278 37.5047 38.5401 42.6256 44.0046 46.4071 50.9065 53.4371 57.7244 61.1113 62.2583 61.6858 59.6482 59.9153 62.6963 63.0284 64.476 69.0073 69.2734 67.4061 64.1143 66.5844 68.6426 69.8062 68.9505 70.6444 73.5161 71.875 73.2676 74.2831 74.2191 71.6012 74.2334 75
12 13.2991 14.5982 15.8973 17.1964 13.9201 10.6438 7.36754 4.09123 5.11245 6.13367 7.15489 8.17611 6.68378 5.19144 3.69911 2.20677 2.99248 3.77819 4.5639 5.34961 8.52491 11.7002 14.8755 18.0508 21.2487 24.4467 27.6446 30.8426 32.6332 34.4238 36.2145 38.0051 39.8807 41.7562 43.6318 45.5074 49.3169 53.1264 56.9359 60.7453 60.3021 59.8589 59.4157 58.9725 61.9587 64.9448 67.9309 70.917 70.0183 69.1196 68.2208 67.3221 68.5844 69.8466 71.1089 72.3711 73.3117 74.2523 75.1928 76.1334 76.1001 76.0667 76.0334 76
13 11.0543 13.0369 13.1476 15.7479 12.194 10.9983 6.21876 4.76955 4.13427 3.6126 5.78756 6.68378 9.58735 6.03832 5.06373 1.05734 4.7522 6.62854 5.62638 6.06433 8.07648 10.5076 15.1741 18.2401 22.0663 27.3877 30.0123 30.4838 35.1558 36.2115 37.6165 38.5055 41.7487 45.4733 45.4588 46.5416 48.4456 52.8017 56.1366 60.3794 59.5516 62.4637 61.8913 61.4591 63.4952 65.312 68.3313 72.8268 73.2984 72.2225 72.3073 70.2208 70.6772 70.4478 72.6201 74.0979 74.2001 73.5934 74.5403 77.0098 78.5122 76.456 75.9341 77
14 12.7378 11.4755 12.8874 14.2994 12.8261 11.3528 8.40035 5.44787 3.2697 1.09152 3.14148 5.19144 6.03832 6.88519 3.39655 -0.092099 4.6934 9.47889 8.12897 6.77904 8.04702 9.31501 13.8722 18.4293 24.379 30.3286 30.2268 30.125 34.062 37.9991 38.5025 39.0059 44.0981 49.1903 48.383 47.5758 50.0264 52.477 56.2452 60.0134 62.5409 65.0684 64.507 63.9456 64.8125 65.6793 70.2079 74.7365 75.031 75.3254 74.2225 73.1196 72.0843 71.049 73.4368 75.8246 74.3796 72.9345 75.4104 77.8862 77.3658 76.8453 77.4227 78
15 14.2065 12.5883 13.1751 12.8508 9.59304 10.2281 6.68027 6.12619 4.07088 2.79858 1.40704 3.69911 3.17902 3.39655 2.08636 -1.24153 2.62369 6.19382 6.35874 7.49375 10.5912 11.4116 13.6557 18.6186 23.4865 27.2181 26.6975 29.7662 33.5185 36.3531 39.2411 39.5064 43.3317 47.0079 46.4425 48.6099 52.3601 53.4699 55.1605 59.6474 62.775 64.5843 66.894 66.4322 69.2265 69.7083 74.0254 76.6463 75.7175 77.031 77.3597 76.0183 75.8544 75.0733 77.2504 77.5513 78.58 76.1965 78.6015 78.7626 77.262 78.3324 78.2418 79
16 14.8506 13.7011 12.5517 11.4023 10.2528 9.10339 7.95395 6.80451 5.65508 4.50564 3.35621 2.20677 1.05734 -0.092099 -1.24153 -2.39097 0.258889 2.90875 5.55861 8.20847 10.8583 13.5082 16.158 18.8079 21.4578 24.1076 26.7575 29.4073 32.0572 34.7071 37.3569 40.0068 42.4161 44.8254 47.2348 49.6441 52.0534 54.4628 56.8721 59.2814 61.6907 64.1001 66.5094 68.9187 71.3281 73.7374 76.1467 78.5561 78.6463 78.7365 78.8268 78.917 79.0073 79.0975 79.1878 79.278 79.3683 79.4585 79.5488 79.639 79.7293 79.8195 79.9098 80
17 14.9217 14.0811 14.3049 15.6651 15.9838 13.6457 9.44695 7.97771 10.0344 10.2629 8.50935 4.46526 2.19684 0.987175 1.1217 0.258889 2.42693 6.13861 8.56023 9.12567 12.0931 16.1885 19.2258 21.0249 22.1086 23.279 26.1067 27.8794 30.7555 31.8741 35.8793 40.5072 41.7319 44.4172 47.5497 50.3617 52.8837 55.206 57.9427 59.3758 59.7241 63.0178 66.5219 69.4095 72.424 74.543 76.7095 78.1467 76.941 75.7436 78.1942 78.2301 78.4146 78.5207 79.756 79.4533 79.4973 79.2697 79.1486 79.1596 77.0242 80.2115 79.6353 81
18 16.2305 14.461 17.1945 19.928 19.058 18.1879 13.6694 9.15091 12.5855 16.0201 11.3719 6.72375 4.3951 2.06645 2.4876 2.90875 6.13861 9.36848 9.70568 10.0429 14.4558 18.8688 21.0554 23.242 22.8462 22.4503 24.4009 26.3515 27.6964 29.0412 35.0244 41.0076 42.5083 44.009 47.5441 51.0792 53.5143 55.9493 57.7097 59.4701 60.7028 61.9355 65.9179 69.9003 72.6245 75.3487 76.543 77.7374 75.244 72.7507 75.1469 77.5431 77.7434 77.9438 78.7862 79.6286 79.3547 79.0808 78.8805 78.6802 79.6418 80.6035 81.3017 82
19 19.7125 19.3439 21.9892 24.1909 22.1631 19.0817 15.6198 10.3241 9.64098 13.6946 12.0009 8.98224 7.93254 5.89552 5.18881 5.55861 5.92673 9.70568 8.10684 10.9601 14.5824 19.3227 22.6258 25.459 26.1398 23.9681 25.9234 24.8236 27.3699 30.8467 34.3888 41.5081 44.3611 45.6352 46.1527 51.7968 54.0349 56.0179 57.8432 59.5645 61.2979 63.6029 66.9873 70.3911 73.9096 74.6245 75.6511 77.3281 76.189 74.6473 75.5725 76.8561 78.8821 78.009 76.1282 79.8039 79.0484 78.9655 81.1771 78.2007 80.1443 80.7321 82.3476 83
20 22.1134 24.2269 26.3403 28.4537 24.2146 19.9755 15.7364 11.4973 11.4332 11.369 11.3049 11.2407 10.4827 9.7246 8.96653 8.20847 9.12567 10.0429 10.9601 11.8773 15.827 19.7767 23.7264 27.6761 26.581 25.4859 24.3908 23.2957 27.9739 32.6521 37.3303 42.0085 44.6349 47.2614 49.8879 52.5143 54.3004 56.0866 57.8727 59.6588 62.4646 65.2703 68.0761 70.8819 72.3911 73.9003 75.4095 76.9187 76.7313 76.5439 76.3565 76.1691 77.1216 78.0742 79.0267 79.9792 79.4147 78.8503 78.2858 77.7213 79.291 80.8607 82.4303 84
21 23.8962 26.3839 27.3185 26.3641 22.1072 17.7669 16.0645 12.6705 12.3195 12.9243 13.5976 12.8053 13.694 14.2766 12.0954 10.8583 14.3114 15.0857 15.9846 15.827 20.3266 21.404 24.4444 29.8931 27.0253 26.8171 28.9749 27.5411 31.5786 32.7641 36.9902 42.5089 43.2206 47.4135 48.9167 52.3915 54.4633 55.3187 56.4865 59.7532 63.0161 62.3708 66.6268 70.0761 73.3167 73.4467 73.7997 76.5094 76.5934 75.8349 75.9159 76.6221 76.108 76.9387 79.618 80.1545 76.493 79.315 78.5476 79.376 80.6009 82.2998 83.04 85
22 25.2705 28.541 26.4077 24.2744 19.9164 15.5584 14.701 13.8437 14.1616 14.4796 14.4247 14.3699 16.5992 18.8285 16.1684 13.5082 16.8184 20.1286 19.9526 19.7767 21.404 23.0313 27.5707 32.1102 30.1293 28.1484 29.9674 31.7865 32.3313 32.8761 37.9427 43.0093 45.2875 47.5656 49.9172 52.2688 53.4097 54.5507 57.1991 59.8475 59.6594 59.4712 64.3708 69.2703 71.1317 72.993 74.5466 76.1001 75.613 75.1258 76.1004 77.075 76.4391 75.8033 78.0665 80.3298 80.0547 79.7797 80.4052 81.0307 82.3849 83.739 84.8695 86
23 25.3049 25.2942 24.9209 22.1847 21.2424 16.8505 16.3433 15.0169 14.3547 15.6621 15.0882 15.9344 17.3562 18.491 16.5048 16.158 18.2949 21.6853 22.8859 23.7264 23.7098 27.5707 31.0899 34.3272 35.4054 33.2796 36.1186 36.0318 38.3565 37.5099 38.9466 43.5097 44.4987 47.7912 50.0302 52.146 53.8293 55.2902 59.2669 59.9418 62.4696 61.6594 66.8507 68.4646 69.9122 72.2316 73.7342 75.6908 72.4116 75.8785 78.0993 77.5279 76.451 77.5669 79.8126 80.5051 82.3631 81.145 81.5024 82.6855 83.4675 84.9545 86.685 87
24 23.0238 22.0475 21.0713 20.095 19.1188 18.1426 17.1663 16.1901 16.5173 16.8445 17.1718 17.499 17.8262 18.1535 18.4807 18.8079 21.0249 23.242 25.459 27.6761 29.8931 32.1102 34.3272 36.5442 37.4775 38.4107 39.344 40.2772 41.2104 42.1437 43.0769 44.0102 46.0134 48.0167 50.0199 52.0232 54.0264 56.0297 58.0329 60.0362 61.9418 63.8475 65.7532 67.6588 69.5645 71.4701 73.3758 75.2814 75.9563 76.6312 77.306 77.9809 78.6558 79.3306 80.0055 80.6804 81.5953 82.5103 83.4252 84.3402 85.2551 86.1701 87.085 88
25 23.7615 26.3113 25.1936 24.154 22.1539 18.4593 18.9352 18.6667 20.9595 17.8782 18.604 22.0823 22.8286 19.6574 17.6379 21.4578 24.9035 25.7726 28.7758 32.7117 33.8601 37.608 37.8076 37.4775 40.6188 41.4891 40.3571 40.4796 42.9916 44.6699 44.721 44.5106 47.6506 49.0005 51.038 53.6785 55.6227 56.465 57.9274 60.0329 61.7569 63.6011 64.7714 64.431 67.8166 69.6797 71.7508 74.8721 74.7967 77.4875 79.5476 76.9427 77.9584 81.0895 80.6968 81.0957 81.9319 81.5758 83.4193 84.8538 86.0163 86.8194 86.6953 89
26 28.2875 30.5751 29.394 28.213 23.4945 18.776 19.9597 21.1434 20.0276 18.9118 22.7887 26.6656 23.9134 21.1613 22.6345 24.1076 26.2054 28.3031 33.0252 37.7473 40.4266 43.1059 40.7583 38.4107 41.4891 44.5675 42.6248 40.6821 43.9391 47.1961 46.1036 45.011 47.4976 49.9843 52.659 55.3338 56.1171 56.9003 58.465 60.0297 61.6922 63.3547 62.2789 61.2032 64.5463 67.8894 71.1761 74.4628 76.4033 78.3438 77.1242 75.9046 79.3765 82.8484 82.1798 81.5111 81.0762 80.6414 83.0044 85.3674 86.418 87.4687 88.7343 90
27 29.1121 31.3703 33.4914 32.2719 29.7332 24.9949 25.8248 23.6201 24.437 24.9381 27.7664 31.2489 29.336 26.8905 28.1263 26.7575 30.7305 33.458 38.1634 42.7829 42.0273 43.5769 39.5351 39.344 41.1159 42.6248 42.183 40.8845 42.3032 45.3728 44.854 45.5114 47.0302 51.1562 52.3932 56.9892 58.7839 58.1171 57.7556 60.0264 59.7953 60.37 57.9533 57.9753 62.0373 66.0426 69.4447 74.0534 75.3369 76.04 76.3618 74.8664 77.8647 80.4668 80.6609 81.9265 81.7958 82.5048 86.086 85.881 86.108 88.333 89.7193 91
28 30.0827 32.1654 34.2482 36.3309 33.7723 31.2138 28.6553 26.0967 28.5306 30.9644 33.3983 35.8322 34.226 32.6198 31.0135 29.4073 34.0101 38.6129 43.2157 47.8185 45.9332 44.0479 42.1625 40.2772 40.4796 40.6821 40.8845 41.0869 42.3182 43.5494 44.7806 46.0119 49.17 52.3282 55.4863 58.6445 58.9892 59.3338 59.6785 60.0232 58.7043 57.3853 56.0664 54.7475 59.4717 64.1958 68.92 73.6441 73.6902 73.7362 73.7822 73.8283 75.9567 78.0851 80.2135 82.3419 83.355 84.3682 85.3814 86.3945 87.7959 89.1973 90.5986 92
29 28.7115 32.8574 35.4702 35.7486 37.2956 35.7836 30.3462 28.5734 30.1709 30.5401 32.9315 36.3754 34.6327 33.4555 31.4994 32.0572 36.7474 39.8122 45.1085 46.366 45.8155 43.2178 42.3485 41.2104 41.7836 44.1201 42.1196 42.3182 45.2359 46.1128 45.8454 46.5123 49.682 48.8195 52.8085 57.4863 59.9832 60.4555 60.0289 60.0199 59.3428 59.259 56.9224 57.5628 59.6799 62.3416 66.9338 73.2348 70.2552 70.1906 74.0504 74.8725 76.4107 79.3827 82.222 82.7573 82.348 84.1339 84.0469 87.2963 87.6086 90.4813 90.9649 93
30 31.7747 33.5493 34.3578 35.1663 37.7599 40.3535 35.7018 31.0501 30.5829 30.1157 33.5172 36.9186 35.605 34.2913 34.4992 34.7071 37.8592 41.0114 42.9625 44.9135 43.6506 42.3876 42.2657 42.1437 44.8509 47.5582 45.5538 43.5494 46.1128 48.6763 47.8445 47.0127 46.1618 45.3108 50.8195 56.3282 58.9526 61.5771 60.7969 60.0167 60.5747 61.1327 60.7553 60.378 60.4327 60.4875 66.6564 72.8254 69.7352 66.6449 71.2808 75.9167 78.2985 80.6804 81.9265 83.1726 83.5361 83.8997 86.0489 88.1981 89.9818 91.7654 92.8827 94
