p4half_DEMFractalGenerator/my5.dem.grd
ncols 17
nrows 17
xllcorner 0
yllcorner 0
cellsize 10
0 1 2 3 4 5 6 7 8 9 10 11 12 13 14 15 16 
1 4.21086 1.20536 3.07621 2.77988 3.65352 5.38378 5.30912 8.45933 11.0418 12.4431 13.0829 16.9955 17.8596 16.6429 14.3451 17 
2 1.20536 0.410721 0.985243 1.55976 3.16367 4.76757 6.84312 8.91867 11.9025 14.8863 18.4387 21.9911 20.6384 19.2858 18.6429 18 
3 0.879695 0.985243 1.73099 0.339646 -0.738458 4.623 6.59023 9.378 11.2711 17.898 21.8883 26.9866 26.3447 22.6384 20.4202 19 
4 2.77988 1.55976 0.339646 -0.880473 1.79898 4.47843 7.15788 9.83733 15.3735 20.9097 26.4459 31.9821 28.9866 25.9911 22.9955 20 
5 6.59827 6.62776 3.29135 1.79898 3.05683 5.66837 8.32519 10.2967 13.8514 17.2976 20.9275 28.4459 23.2598 21.2311 19.7183 21 
6 8.84788 11.6958 8.08709 4.47843 5.66837 6.85832 8.80716 10.756 12.2207 13.6854 19.2976 24.9097 20.6905 16.4712 19.2356 22 
7 8.30049 10.3072 8.96947 7.15788 7.14107 8.80716 10.1759 11.2153 13.5761 14.2207 16.9267 21.3735 21.1195 18.6949 22.6178 23 
8 8.45933 8.91867 9.378 9.83733 10.2967 10.756 11.2153 11.6747 13.2153 14.756 16.2967 17.8373 19.378 20.9187 22.4593 24 
9 11.8717 11.7723 12.1071 15.5664 15.9365 15.8827 14.7348 13.2153 13.2611 11.6747 14.0285 15.237 17.5652 19.1516 23.1218 25 
10 12.313 14.6259 17.9607 21.2955 21.1524 21.0093 17.8827 14.756 11.6747 8.5933 10.6149 12.6366 15.0105 17.3845 21.6922 26 
11 16.0503 18.5014 22.8668 27.0246 25.1709 23.1524 20.3793 16.2967 11.8226 10.6149 9.81723 10.0362 14.5885 17.5512 22.54 27 
12 17.1884 22.3769 27.5653 32.7538 29.0246 25.2955 21.5664 17.8373 15.237 12.6366 10.0362 7.43583 12.5769 17.7179 22.859 28 
13 20.8411 20.4985 24.0189 29.5653 27.8876 25.1746 22.8366 19.378 16.6616 17.5235 13.4486 12.5769 14.256 20.1211 26.2028 29 
14 16.31 18.62 22.4985 26.3769 25.7152 25.0536 22.9861 20.9187 21.6646 22.4105 20.0642 17.7179 20.1211 22.5243 26.2621 30 
15 14.423 18.31 19.3347 23.1884 22.0178 23.5268 21.1008 22.4593 23.2677 24.2053 24.2587 22.859 28.2268 26.2621 30.3537 31 
16 17 18 19 20 21 22 23 24 25 26 27 28 29 30 31 32 
